SVM	0	-0.000559193143413	0.0204697428344	0.0330358601408	0.00965069360141	0.0351246429712
SVM	1	0.0289143078452	0.0120234622375	0.0140825385854	0.0469829991149	0.00761919673956
SVM	2	0.0217413932488	0.0181378197201	-0.00703157289541	0.033554129918	0.0314241620186
SVM	3	0.0103511099758	0.048794115628	0.00975493643674	0.0104879995901	0.0251357109285
SVM	4	0.0112390772432	0.0179541105422	0.00217788992949	0.0341635745021	0.020589903245
SVM	5	0.0281975478884	0.0267522051258	0.00722093259618	0.027124172144	0.0317267468128
SVM	6	0.00774294707165	0.00864077921274	0.0301170455123	0.0204342632983	0.0472295147275
SVM	7	0.00410826418175	0.0398608805676	0.0227941476418	0.0454949322834	0.0331721999106
SVM	8	0.0172265175868	0.0406628942589	0.0126616386715	0.0532809463916	0.0309311368488
SVM	9	0.0422416072603	0.0631939446116	0.0331177983306	0.0182784027534	0.037451063022
SVM	10	0.0641654729348	0.0196104878755	0.0427772979498	0.0463339864015	0.0360906499978
SVM	11	0.0201774399645	0.0137672692554	0.0427386658427	0.0420241247223	0.0521838885697
SVM	12	0.00692031541814	0.053622713581	0.048003092657	0.0235639512171	0.0599370460588
SVM	13	0.0488842482562	0.0550536902381	0.0469574767453	0.040065141575	0.0421792297517
SVM	14	0.0417622785686	0.083224245945	0.0702074472498	0.0183602975356	0.0284263578425
SVM	15	0.0430719073469	0.0456568889278	0.0590662170242	0.0510355209538	0.0660884375536
SVM	16	0.0547502515267	0.0654016580159	0.0646416020048	0.058382656761	0.0638316668931
SVM	17	0.0617135416305	0.0574448464586	0.0555369584796	0.0569515091659	0.0564626609095
SVM	18	0.0402366863439	0.0607940292958	0.0635727788289	0.0548408657049	0.0855212583272
SVM	19	0.0989633097932	0.0753283045902	0.0765123128197	0.0667442070806	0.0655950792107
SVM	20	0.0723166664722	0.0687178314735	0.0713319947769	0.0873312149502	0.0692203318376
SVM	21	0.0960076304458	0.0597799334139	0.0605756401461	0.0714433461402	0.10600203375
SVM	22	0.0717242495276	0.0822504467805	0.0709719590053	0.0946002891826	0.0863868470237
SVM	23	0.110796852684	0.0994447007672	0.108234759259	0.0879101044614	0.0814865071272
SVM	24	0.119779386567	0.102727090983	0.119529644238	0.104056755193	0.114264038258
SVM	25	0.125652067757	0.136083195131	0.128361021614	0.126242501628	0.10424385615
SVM	26	0.14407600383	0.116230399666	0.132321327596	0.107568151318	0.122942799391
SVM	27	0.141886809798	0.148306154116	0.137731137218	0.131438543529	0.151211983452
SVM	28	0.146421185648	0.148094640242	0.165855917407	0.149384849025	0.166679620567
SVM	29	0.204410662022	0.169894224027	0.14991450817	0.176311644207	0.167590341483
SVM	30	0.203766040837	0.188420394267	0.167416917491	0.199222104283	0.197081486324
SVM	31	0.229807044709	0.215888048363	0.218174805489	0.19453775897	0.22024991351
SVM	32	0.22934343166	0.225453625128	0.245378689252	0.253942515917	0.237838122815
SVM	33	0.26949854638	0.25522844964	0.22185483121	0.250084599998	0.235180684006
SVM	34	0.250155296439	0.257178155342	0.259749506425	0.256167113698	0.279742276379
SVM	35	0.285222618085	0.282677103969	0.299183510688	0.25481283713	0.277145989796
SVM	36	0.26322465535	0.302925470911	0.310470855237	0.273967255194	0.285949540449
SVM	37	0.2981909185	0.283366370893	0.325348549172	0.275200939502	0.284890899081
SVM	38	0.292436124977	0.283826366119	0.299171776141	0.336536435154	0.289612362893
SVM	39	0.323983496834	0.354450157712	0.339062083192	0.351892441452	0.310909552046
SVM	40	0.38115481743	0.347430842177	0.373006136648	0.383522902873	0.374365329157
SVM	41	0.392193342101	0.408253989221	0.372079014228	0.367946385803	0.368284511668
SVM	42	0.410224329154	0.394190140934	0.377514804672	0.396704758119	0.415549896638
SVM	43	0.41366692561	0.410885462681	0.447082607023	0.431768581619	0.3919468933
SVM	44	0.427830555115	0.424503122229	0.418444780232	0.454183450405	0.464403159759
SVM	45	0.485174177548	0.422729178619	0.468360391139	0.441456285589	0.456781015484
SVM	46	0.459471535314	0.486410380191	0.43435596477	0.469658099156	0.473157619597
SVM	47	0.49549021498	0.444962321214	0.463000438192	0.48695952535	0.470441913009
SVM	48	0.439740850356	0.50988702478	0.487925272835	0.483138948189	0.458055813956
SVM	49	0.455932090761	0.464833425436	0.472692775661	0.483725433227	0.472488081025
SVM	50	0.469803208086	0.479398818688	0.448923597669	0.443568992213	0.449392221079
SVM	51	0.458113863228	0.483403413796	0.449615997198	0.438799152164	0.438723524734
SVM	52	0.47232913643	0.458814224128	0.439922263742	0.430679638694	0.429833637268
SVM	53	0.432944827953	0.42905990471	0.468779695504	0.397527257076	0.42298208869
SVM	54	0.431702432237	0.406346893592	0.420438036113	0.445869427869	0.419355039726
SVM	55	0.40102538678	0.451743105004	0.414953202227	0.40919022266	0.400049794333
SVM	56	0.390926518905	0.412169227025	0.419782682751	0.392484736759	0.414633465459
SVM	57	0.39688386055	0.411101091224	0.379672872214	0.383155962607	0.4014405796
SVM	58	0.383803278343	0.382805077055	0.385683705725	0.377798409953	0.373343352269
SVM	59	0.383258264597	0.37374199352	0.368898763122	0.360480969928	0.361638023876
SVM	60	0.351571952906	0.400094783935	0.389650977331	0.361593323221	0.363593510587
SVM	61	0.352605380713	0.362484384831	0.396639165649	0.359797867684	0.349441300526
SVM	62	0.384598083169	0.369206642765	0.345710783087	0.372709576882	0.332218635328
SVM	63	0.355989712897	0.34818227027	0.366419420394	0.372210630902	0.3559786855
SVM	64	0.387003617487	0.353185283462	0.356010965127	0.350459999619	0.324080912501
SVM	65	0.326700470192	0.367887033976	0.345012125208	0.363649940657	0.327645441621
SVM	66	0.345054090588	0.364490268054	0.357537641534	0.356415419189	0.343828003771
SVM	67	0.311528035367	0.338947473735	0.351979507575	0.338801084163	0.351886197741
SVM	68	0.322403587615	0.332027340526	0.328004493656	0.317200825025	0.340773758842
SVM	69	0.334805754128	0.357196469498	0.336458144814	0.304587286461	0.351011945358
SVM	70	0.330018770502	0.338937825942	0.344528945959	0.334016779627	0.297568344247
SVM	71	0.312077607829	0.308774707202	0.333053678355	0.331463267068	0.330012593314
SVM	72	0.328703583216	0.308154804437	0.320265213964	0.32683674172	0.339314388785
SVM	73	0.326929547697	0.284526601031	0.321973895269	0.321815964333	0.318300601225
SVM	74	0.316750677346	0.313578352937	0.302413490307	0.31648170415	0.326971040829
SVM	75	0.315785946427	0.319722263883	0.324891102163	0.313124195409	0.333157207671
SVM	76	0.302414668197	0.323156152348	0.305057643549	0.316163324821	0.322539234904
SVM	77	0.315990630961	0.306870340564	0.308745144329	0.315081587045	0.289713909923
SVM	78	0.308539735931	0.323448666064	0.302566390768	0.310049291857	0.306042274399
SVM	79	0.302750446332	0.292397454413	0.311761303196	0.318175260337	0.288539124995
SVM	80	0.269509205185	0.227861201043	0.257275535985	0.271699543493	0.23019696728
SVM	81	0.268739499254	0.255879863149	0.258198624035	0.243381862487	0.248167584779
SVM	82	0.276953922266	0.259549683925	0.246823379828	0.270888411673	0.255837166249
SVM	83	0.267439699308	0.239572053799	0.255721789058	0.267291885837	0.24616213677
SVM	84	0.248801493297	0.289554780191	0.252738989504	0.246412789014	0.234877481033
SVM	85	0.257905544319	0.274649777145	0.255436938957	0.26484678134	0.283532935578
SVM	86	0.242892071876	0.270676287665	0.266816995076	0.270773941834	0.260850130339
SVM	87	0.226890215855	0.286113351719	0.262694697516	0.237786652568	0.258903543526
SVM	88	0.257582186894	0.250863539933	0.254721289177	0.245545931873	0.250072574768
SVM	89	0.254950397067	0.259453706858	0.245208387582	0.263396344263	0.262210372164
SVM	90	0.241328479638	0.270352346302	0.256853508932	0.2522824369	0.227903757552
SVM	91	0.254035799533	0.227979746428	0.244112513183	0.250089315931	0.23733866538
SVM	92	0.253804229997	0.24372730366	0.239951649954	0.269528440589	0.259440290128
SVM	93	0.248597025251	0.247542118765	0.252186109199	0.256695201928	0.247765062422
SVM	94	0.260573202963	0.25351688647	0.261820403597	0.239728144807	0.242297593198
SVM	95	0.254499450997	0.220864581567	0.24039001881	0.236181036869	0.241553268637
SVM	96	0.260820697595	0.244605674	0.249907215054	0.247361908568	0.250629191377
SVM	97	0.247867053032	0.254727154769	0.238958414411	0.24049084673	0.235719062972
SVM	98	0.273002321755	0.252530106997	0.25197103191	0.248656958138	0.246271235794
SVM	99	0.254595958895	0.236309312573	0.234271815181	0.25249708571	0.270483778239
SVM	100	0.22449157102	0.249763188638	0.212449367112	0.247661866141	0.251991873833
SVM	101	0.248985603686	0.245377658724	0.256600649634	0.214652623208	0.218400786549
SVM	102	0.241548765765	0.226868955989	0.245763277217	0.24630389853	0.24398421952
SVM	103	0.235528747927	0.228575263316	0.24742644927	0.244543442642	0.24376934124
SVM	104	0.254509104012	0.250746825642	0.215856227188	0.257635163091	0.214113425407
SVM	105	0.232713749406	0.229093052774	0.235243616468	0.233740455824	0.210876851497
SVM	106	0.226717341803	0.230105203711	0.22915739608	0.211805420181	0.249727794168
SVM	107	0.225963962051	0.213606238187	0.217320136319	0.21296880364	0.206473372793
SVM	108	0.221026911825	0.237467812844	0.202155335971	0.207234027915	0.227009044774
SVM	109	0.210064375276	0.225832404016	0.219907927886	0.219653724796	0.23006016361
SVM	110	0.217135966951	0.22615934946	0.212433902197	0.220149594064	0.218050013991
SVM	111	0.226053252965	0.214484145911	0.217141868084	0.217269197275	0.195687718288
SVM	112	0.214642846839	0.213436623448	0.225803837381	0.229634011635	0.194669561071
SVM	113	0.195923407141	0.202517036831	0.227204155918	0.236158726946	0.212670231463
SVM	114	0.216727661624	0.198287739306	0.206754381469	0.18168434544	0.204221105138
SVM	115	0.184635056499	0.224061802909	0.173283818575	0.206269982564	0.221634844806
SVM	116	0.197431552572	0.214119371471	0.186855854236	0.190919375523	0.188176321064
SVM	117	0.19912473776	0.196968480551	0.173010729399	0.175569286104	0.200005479436
SVM	118	0.173314084525	0.204061594032	0.176040676858	0.167618563462	0.199652901753
SVM	119	0.157183510816	0.180147853143	0.169513265527	0.171386547012	0.177628647469
SVM	120	0.160192629363	0.147322711618	0.184627423262	0.193765423352	0.179221394378
SVM	121	0.190881379708	0.194919884521	0.160968884731	0.186051622148	0.191178455315
SVM	122	0.181942158529	0.163318927849	0.158891098585	0.157904792822	0.170479487694
SVM	123	0.138695942842	0.157014227199	0.111770658389	0.162233752474	0.161654231012
SVM	124	0.138397170161	0.145733825373	0.121589342375	0.148219075338	0.154742074937
SVM	125	0.16000406033	0.160359345303	0.147491726705	0.10219331898	0.147800575373
SVM	126	0.144372928527	0.131468935213	0.108866275958	0.143237050295	0.141060757775
SVM	127	0.124865612748	0.119509815219	0.117915325891	0.131914413294	0.10954814922
SVM	128	0.120242158823	0.101256116905	0.1086954228	0.0959632580188	0.125499298046
SVM	129	0.10905283497	0.0859009003258	0.0951053029078	0.101295337789	0.110709108035
SVM	130	0.106825977587	0.0956926242878	0.102997342454	0.107011137364	0.104436152745
SVM	131	0.0990054979037	0.0953006197925	0.0866064673769	0.0702140222999	0.104703165138
SVM	132	0.0966461644056	0.0976832322099	0.0780703988943	0.0796988862908	0.0577091104256
SVM	133	0.0751898700319	0.0774327153024	0.0877583981378	0.0470576650577	0.0623217882987
SVM	134	0.0576413288528	0.0780883853331	0.0567003916097	0.0423282161179	0.0693681909338
SVM	135	0.0346786035647	0.0668772480582	0.0751451709567	0.069915596459	0.0715190350882
SVM	136	0.0658993761601	0.0688411836415	0.0790982267964	0.0564805684368	0.0624167533241
SVM	137	0.0643961481087	0.0623185211926	0.053586285645	0.0517774646964	0.0541982391058
SVM	138	0.062425692306	0.0646529762125	0.081412296457	0.07970329451	0.0495036031925
SVM	139	0.0723590235974	0.0447174410256	0.0689325492718	0.0665489090918	0.075630195147
SVM	140	0.0611040690338	0.0439593525905	0.0341823547799	0.0631562616301	0.074660007549
SVM	141	0.0279507293423	0.0290430022968	0.0518721230503	0.0354738573423	0.0751097395044
SVM	142	0.0473926382058	0.0346882797193	0.031843104363	0.0430809698522	0.0208052651212
SVM	143	0.0427397745537	-0.00142671085613	0.017343990274	0.0394995386002	0.0570940154111
SVM	144	0.0401726507221	0.00457736845946	0.0309107815756	0.0155680794889	0.0389393192818
SVM	145	0.037227149718	0.0212571669293	0.0100749300589	-0.00566191806281	0.0425619199443
SVM	146	0.00472156848098	0.00824755894392	0.0372102131999	0.0070567053994	0.0170264969023
SVM	147	0.0134810035008	0.0177213196137	0.0395057412111	-0.00338669644261	0.0145309871179
SVM	148	-0.000181837443446	0.00506457825004	0.0310643112482	0.00535560918341	0.0163642008954
SVM	149	0.00732314866487	0.0287942339685	-0.00212742882544	0.0359016608999	0.0218664936713
SVM	150	0.0528945520795	0.025989916668	0.0012679270259	-0.0235936390624	0.0387117591616
SVM	151	0.014206529202	0.0156890066627	0.00168222390666	0.0152207891586	0.0167591764778
SVM	152	0.0367918448119	0.0154291891489	-0.0114800162854	0.0125024406234	0.0036322593297
SVM	153	-0.0220678406625	0.0279845136317	0.0368394625793	-0.0186079202078	0.0155298461042
SVM	154	0.00524563850257	0.00193745024499	0.00596154900582	0.0211914044365	-0.0107192040193
SVM	155	0.000244796689744	-0.00766528100937	0.00775395339536	-0.00527008635421	0.0202013168452
SVM	156	0.00600159620767	0.000613214152768	-0.0208881973557	-0.00374706129577	0.00515256882538
SVM	157	-0.00541911944665	0.00276513987011	0.0087129996406	9.19052282551e-05	-0.00381478753559
SVM	158	-0.0255027743973	-0.0101825743846	0.0163530820112	0.00585322841858	0.00698874649491
SVM	159	0.00499799357645	-0.0248694274268	-0.00298789079305	-0.0138450483268	0.00516796795371
RF	0	-0.0248713070245	-0.0205330877803	-0.00950110505578	-0.0302051532438	-0.0390994593948
RF	1	0.00653468923226	-0.013693095861	-0.0146221893516	-0.0340206570092	-0.033620572438
RF	2	-0.0152251102527	-0.00832491952631	-0.0149668375203	-0.0410514927664	-0.0179314451933
RF	3	-0.0328536484163	-0.0396475037316	-0.0511399434844	-0.0303895640101	-0.00764926669901
RF	4	-0.0168271495419	-0.0288499681684	-0.0454951064992	-0.0263088011315	-0.0344192677783
RF	5	-0.0218666872403	-0.0470848487788	-0.0302165893266	-0.0116775294688	-0.0334812452581
RF	6	-0.0135540816048	-0.00370466431759	-0.00343974997957	-0.0483642522544	-0.0136451419477
RF	7	-0.016331406036	-0.0182725841232	-0.00601791041083	-0.00695925048702	-0.0218786886407
RF	8	-0.0247053072054	-0.0189326933896	-0.0285342373466	0.00263428238436	0.00994987279934
RF	9	-0.0165494982574	0.0197183610622	-0.0101232021072	0.00589328852316	-0.00517611930155
RF	10	-0.00214302929412	0.0516463289627	-0.0119050507712	-0.0113579218895	-0.00222639821913
RF	11	-0.0212703035039	-0.0168637623082	0.0156669290189	-0.00404778000354	-0.0252411370466
RF	12	-0.0173548344786	0.0192041303369	0.0160378141607	0.00066833463071	0.0114074523169
RF	13	0.0334102238108	0.0337793258669	0.0305338259946	0.00828605808212	-0.0214539091741
RF	14	-0.0230900425846	0.0145951243399	0.0322609760954	0.0319320819465	-0.0205201815989
RF	15	0.00480670749161	0.0316020833543	0.0272036122162	-0.00573979773521	-0.0154219318203
RF	16	0.0169775967199	0.00290359761575	0.00723493556831	0.0262883384439	-0.0202042987888
RF	17	0.027753406731	0.00609905692168	0.0182256636974	0.0556966864062	0.00738128960506
RF	18	-0.0158110878048	0.0182658764763	0.0537808164886	0.0450030715021	0.0396363954262
RF	19	0.0228330525357	0.0498069999571	0.0488709539303	0.00564934528386	0.0734609156698
RF	20	0.0106021274327	0.0237668806157	0.023902452903	0.0189627371537	0.0370650267305
RF	21	0.0285333559401	0.0124255392587	0.0342145704797	0.0536653286042	0.0373235367642
RF	22	0.0557926626131	0.0488477840848	0.0592272854366	0.0504045673069	0.0584501298574
RF	23	0.0775921316215	0.0756216090965	0.0415123908125	0.0767784478518	0.067427657646
RF	24	0.0965863708619	0.0423263370289	0.0878116869181	0.0732787737746	0.0497010938575
RF	25	0.0849696743744	0.0891418521519	0.0670501099149	0.0991410489835	0.107135101051
RF	26	0.0495771154215	0.0860684346724	0.0844158469403	0.115591438293	0.0948204525869
RF	27	0.0948779720632	0.0661453941568	0.0882371913567	0.0293769749562	0.0940563972013
RF	28	0.0951512287944	0.107101120504	0.112318654309	0.0958227962875	0.107277632284
RF	29	0.0925675504812	0.128846852565	0.121746700199	0.127723927352	0.122120578763
RF	30	0.188572827539	0.148090423589	0.136961864746	0.105220286993	0.173118877426
RF	31	0.13858048286	0.178002594019	0.172311957093	0.16099972555	0.154522334406
RF	32	0.195787879798	0.173062172799	0.218359343664	0.215603580316	0.16732741165
RF	33	0.206401320564	0.18919604668	0.193072357471	0.246745422517	0.196159586739
RF	34	0.226057940462	0.234813345515	0.200346609216	0.238354074107	0.242539923877
RF	35	0.233003955031	0.243266046457	0.268903575317	0.242635415959	0.269912679099
RF	36	0.265166106633	0.266305073444	0.261958133794	0.257908503843	0.281247981712
RF	37	0.280292226317	0.280641540538	0.301123154547	0.255846666521	0.277778691879
RF	38	0.285210173284	0.289179009365	0.282987013709	0.288598378153	0.285647630701
RF	39	0.328829212655	0.295313083789	0.32696990467	0.336988706323	0.320833893763
RF	40	0.370644585447	0.359527968401	0.351113128403	0.381537359471	0.388030583406
RF	41	0.393848777724	0.367366040533	0.400107708138	0.393104893754	0.380520210083
RF	42	0.397087818603	0.40130415812	0.416791200724	0.379400853316	0.408261834801
RF	43	0.417849974768	0.441162601258	0.42092680072	0.443715912559	0.435048893906
RF	44	0.442543799771	0.438254800519	0.460030508134	0.465180626075	0.450378761798
RF	45	0.456180891601	0.468714108575	0.488211626724	0.47518016031	0.426867500228
RF	46	0.479209042677	0.442377235477	0.494603481778	0.470967859196	0.438334660675
RF	47	0.487831490381	0.487609604442	0.4799398354	0.471123008339	0.439567434578
RF	48	0.476299306703	0.460261920196	0.49559331953	0.486492304869	0.446944432811
RF	49	0.473305741039	0.474494197667	0.46387150053	0.441141163044	0.471814944863
RF	50	0.443959104909	0.462915158745	0.471249152754	0.452049459065	0.454364424361
RF	51	0.435686689013	0.440149190184	0.447669761956	0.450491740457	0.464494583648
RF	52	0.458135030223	0.41915095909	0.432407579891	0.475087994557	0.404953559977
RF	53	0.425761341942	0.421609535899	0.42090916363	0.41514868048	0.420363447766
RF	54	0.384193467184	0.373759119124	0.39493965106	0.426287751662	0.429731678662
RF	55	0.371299853296	0.407125979703	0.424534516192	0.382178580523	0.403008004837
RF	56	0.40436737372	0.372195864272	0.356354352372	0.433088543473	0.394445301616
RF	57	0.412096415871	0.365327953437	0.378536288439	0.371921113279	0.376095440631
RF	58	0.37083340813	0.34842662163	0.392087770384	0.326689437273	0.335211303604
RF	59	0.333140997714	0.351976119536	0.345192986234	0.313586914478	0.363469589579
RF	60	0.308071573713	0.340395791197	0.380061086646	0.326221842836	0.349483238053
RF	61	0.321188019764	0.360343825078	0.351770405781	0.350062987735	0.310306604937
RF	62	0.314477174001	0.351678018621	0.347920489138	0.309881520164	0.341067549799
RF	63	0.341336147813	0.313802977869	0.315737421586	0.346144458911	0.352117332389
RF	64	0.31700799576	0.332708417458	0.32083884497	0.309765708194	0.341117290184
RF	65	0.321491842583	0.315739414117	0.337238916239	0.353334412932	0.306668336349
RF	66	0.296460881784	0.354518932013	0.302659321574	0.341500800891	0.31382799792
RF	67	0.301380516501	0.323571531658	0.30142205015	0.30592231018	0.318925580406
RF	68	0.294099040092	0.301254877994	0.30710650817	0.2923752839	0.27827202276
RF	69	0.301157885862	0.306780347321	0.307620748309	0.293824533682	0.29755260026
RF	70	0.296664262355	0.304851840492	0.285797250676	0.290246100475	0.316845969011
RF	71	0.305027621221	0.296308227777	0.2780734549	0.310261806431	0.281820040094
RF	72	0.291097240482	0.290494516025	0.305245590335	0.304957689246	0.278200485433
RF	73	0.276510931744	0.287393905101	0.278909610607	0.294079198132	0.2796746891
RF	74	0.303907184848	0.268913327358	0.310297695025	0.284232632293	0.282480092872
RF	75	0.240976619031	0.279868888675	0.317268976038	0.274916409375	0.283762532729
RF	76	0.27345513004	0.311035049104	0.262667610263	0.297163799228	0.292899886164
RF	77	0.294145707803	0.280330359205	0.257704615283	0.246723316239	0.280958880681
RF	78	0.284648175129	0.274719285316	0.286968718702	0.274241695772	0.268487669627
RF	79	0.259732659697	0.271901937442	0.259765958509	0.295162742712	0.280832658863
RF	80	0.184539785377	0.20792730154	0.222392321629	0.242059426605	0.219367324179
RF	81	0.20546570052	0.210635676203	0.223862332548	0.188061903811	0.221549343681
RF	82	0.195423042166	0.228573012714	0.248163747685	0.231754379292	0.21206539148
RF	83	0.169069769505	0.219468890918	0.239974026579	0.22256701198	0.233025173177
RF	84	0.22899610057	0.216412038819	0.197173164156	0.194509165481	0.247823399257
RF	85	0.23390127037	0.207225225495	0.212187972442	0.252675928454	0.218952068356
RF	86	0.214606051938	0.230065166673	0.248994803514	0.248225528477	0.198511545919
RF	87	0.239118916657	0.208073676871	0.217583891232	0.189371997625	0.209717333731
RF	88	0.204233232103	0.216105798902	0.231733537376	0.208865569253	0.19551893801
RF	89	0.194016767717	0.229040135238	0.226674445533	0.221357458724	0.217086397925
RF	90	0.204037845296	0.22414612481	0.225210967005	0.177972986491	0.202230297772
RF	91	0.210934869038	0.210548544558	0.251441757902	0.184018486449	0.239525631871
RF	92	0.23946014102	0.194970395399	0.198674236382	0.225598965344	0.241023535119
RF	93	0.224521330792	0.181207857117	0.221917048054	0.24047455565	0.20215240504
RF	94	0.187125843933	0.222906604585	0.186616099272	0.210084330884	0.231647569901
RF	95	0.177525981065	0.218604610176	0.227520600665	0.213172233802	0.216482198873
RF	96	0.216301046063	0.209099200211	0.198499240468	0.257022392694	0.186779450321
RF	97	0.190776228415	0.254777237809	0.210857824704	0.198071244919	0.184886213897
RF	98	0.184150926114	0.20755998234	0.21974930905	0.235880136316	0.216385231396
RF	99	0.210851717936	0.213682168328	0.230514094485	0.210374797611	0.220918000016
RF	100	0.197087421472	0.215741515239	0.194106524984	0.19246183351	0.180711855784
RF	101	0.197281857396	0.201891597842	0.177039426015	0.204760992415	0.2367918482
RF	102	0.232358138273	0.197067208162	0.208205521003	0.207465038587	0.21151299325
RF	103	0.194138682377	0.188350431414	0.203073143683	0.191944165393	0.23509994623
RF	104	0.169845177435	0.168770049105	0.222874088247	0.222497557835	0.182563319466
RF	105	0.18666687343	0.185616332154	0.208428963067	0.198371692143	0.167683964139
RF	106	0.190955795305	0.174830822786	0.188516790627	0.211103000066	0.212904032572
RF	107	0.178432771348	0.205334345077	0.177893994651	0.188036352009	0.19967710773
RF	108	0.193783764524	0.185955085237	0.17716700855	0.179506195157	0.19769086321
RF	109	0.207603107914	0.168408710997	0.183372467424	0.188960838134	0.163038928758
RF	110	0.189785767415	0.164247923893	0.176841804966	0.179771520668	0.176730901567
RF	111	0.202323382361	0.164753383684	0.191927457409	0.179919290613	0.183645381738
RF	112	0.181656836622	0.15935910469	0.190331606418	0.199055481736	0.161781697098
RF	113	0.188159922044	0.200754713754	0.175516060505	0.164029714151	0.168665502269
RF	114	0.136347048728	0.13963099814	0.16731879441	0.184428477996	0.162265780799
RF	115	0.129775543109	0.18682318175	0.171075238695	0.135823776789	0.160818089417
RF	116	0.14707304541	0.143974968329	0.169488172748	0.16513138658	0.171953804897
RF	117	0.162325864784	0.16503420956	0.14586133479	0.112638359433	0.180001591615
RF	118	0.121386886152	0.142058238513	0.140032736104	0.125707963399	0.133478392739
RF	119	0.146764065353	0.139275549488	0.110003450079	0.151921801042	0.107677832951
RF	120	0.149055887715	0.117519825627	0.118996239453	0.105821322045	0.122466519848
RF	121	0.15114675316	0.122814412655	0.172966906913	0.156933523652	0.144661929051
RF	122	0.122226393118	0.144074719052	0.115825586305	0.103753163615	0.0908970160754
RF	123	0.0843415237672	0.0913282775006	0.116833226411	0.11127067215	0.137087848017
RF	124	0.076705149525	0.0836608773068	0.0803985699274	0.10237853399	0.105028865185
RF	125	0.0821522560918	0.0801925963253	0.0863768611485	0.0865418088708	0.132100090262
RF	126	0.0935569469513	0.0910244968669	0.0728373046091	0.0837615024048	0.109155025759
RF	127	0.0996512558629	0.0773987562341	0.0708031149281	0.0657448288579	0.0517355188198
RF	128	0.0420384726543	0.0784417180232	0.0448013953966	0.0715549708871	0.0564351179566
RF	129	0.0418245530356	0.0346732141297	0.0454455050495	0.0598610279071	0.0362749958398
RF	130	0.0581440448559	0.0213763034621	0.042517879767	0.0768211443152	0.0326081279423
RF	131	0.0164394848987	0.00981670356613	0.0238511880733	0.055012325742	0.0422496739812
RF	132	0.0247549181056	0.00453646837678	0.0248930093966	0.000377196527563	0.0129436351856
RF	133	0.029521708255	0.0302553930065	0.0226560773065	0.0257564099151	0.0390860276041
RF	134	0.00791210998853	0.00768678847358	0.0103287399991	0.00514211087618	-0.00354164687291
RF	135	-0.00570208211917	0.0141898161089	0.0337785547939	0.0179135073746	0.0430003672066
RF	136	0.0106876136843	0.0193794849622	0.0357227705486	0.0339058089459	0.0199499310483
RF	137	-0.0259596094472	0.0458428772092	0.0195952127838	0.0145391832009	0.010420259717
RF	138	0.010388045396	0.0163060157624	0.0219567763705	0.0145817725717	0.0192935407485
RF	139	0.00187372664248	0.0108976760447	0.00196424172578	0.0213569795542	0.00973717216411
RF	140	-0.0304526723887	0.00764286067223	-0.00519549531399	0.0125218495665	-0.00777114474112
RF	141	0.0101565701018	0.014594335621	0.00576065140375	-0.0363859713026	0.0286020470046
RF	142	-0.0287409379276	-0.00716715554759	-0.021440018104	0.0113076467399	-0.0280007492261
RF	143	-0.0167263668768	0.0300963678216	-0.0226670387129	-0.0195088570694	-0.0244843906977
RF	144	-0.0140155307604	-0.00834432685672	-0.0551549731814	-0.0226843966625	-0.0239429544851
RF	145	-0.0463911573549	-0.0177276126212	-0.0279220234768	-0.0146028616022	-0.0132244158402
RF	146	-0.0279090967856	-0.0190164852637	-0.0283075483121	-0.0314719149086	-0.0187471855298
RF	147	-0.0299394816508	-0.0466701116179	-0.0175575186114	-0.0239378066624	0.00905885807847
RF	148	-0.00645238176729	-0.0701183075157	-0.014368859111	-0.0479502788626	-0.0329661915851
RF	149	-0.00125829023785	-0.0356047533205	-0.0143831354623	-0.0383672220855	-0.0148959367948
RF	150	-0.0301121673684	-0.0549069076879	-0.0493713877903	-0.0374936858855	-0.0350830953126
RF	151	-0.0316209734332	-0.0171113536683	-0.0604875691303	-0.0448123646264	-0.0163590431494
RF	152	-0.0176612269115	-0.0170039461631	-0.0363165396444	-0.0691780010012	-0.0517632748487
RF	153	-0.0399699127599	-0.038161155506	-0.0691804215425	-0.0636139385215	-0.0426837649461
RF	154	-0.025575355074	-0.0177389338528	-0.0412111506462	-0.0501205820194	-0.0127972363118
RF	155	-0.0305224107168	-0.0759020241661	-0.0354724136032	0.00606050219939	-0.0261321773022
RF	156	-0.0343087309107	-0.0334882989462	-0.0432952779416	-0.0746575813458	-0.0454451227574
RF	157	-0.0219299425442	-0.0840303366729	-0.0512898677234	-0.0180773752841	-0.0485838576665
RF	158	-0.0630426336594	-0.0403540949872	-0.0135791960282	-0.0505520586011	-0.0383974970399
RF	159	-0.0466773834874	-0.0620174600739	-0.0415456445185	-0.0799780660476	-0.0324769237953
LR	0	0.0373124996702	0.0505574014458	0.0409946822225	0.0388622415625	0.0494392565999
LR	1	0.0491533103855	0.0340305089273	0.0471094636385	0.0420329666959	0.0493409866047
LR	2	0.0390235926538	0.0356000127539	0.0516399400422	0.0516048067409	0.0514792071269
LR	3	0.0373195116886	0.0511396631445	0.0391321778152	0.0385816079566	0.0518229268853
LR	4	0.0497472397698	0.0388808082733	0.0455022739315	0.042656935256	0.0471675394847
LR	5	0.0328480935715	0.0531518755017	0.0385385683833	0.0510752068527	0.0560612775156
LR	6	0.0432302837559	0.0453412367644	0.0524886714131	0.0462554410021	0.0382545412082
LR	7	0.0491120851409	0.0403178983304	0.0497506592273	0.0378356839366	0.0406621503163
LR	8	0.0503143099356	0.049779235642	0.0447789664285	0.0514026397276	0.0381969477691
LR	9	0.0532096504349	0.0472154015893	0.0648262016242	0.0477563027021	0.0455308069415
LR	10	0.054730700743	0.0437146257797	0.0656886364879	0.044102404463	0.0624110168702
LR	11	0.0486895286436	0.0509665950683	0.0573999223129	0.052403931327	0.0575329979196
LR	12	0.0444406829909	0.0601274037007	0.0637103750829	0.0616161660824	0.0528572035412
LR	13	0.0555372118858	0.0674185374472	0.0487550834936	0.0519135832382	0.0608479688243
LR	14	0.0587833356299	0.0516117381272	0.0616843613928	0.0658152672146	0.0637387351486
LR	15	0.0525817332381	0.06278678055	0.0471487123886	0.0632260646549	0.0575638033225
LR	16	0.051337746686	0.0693093481921	0.0577245643847	0.063745495805	0.0646592130415
LR	17	0.0488615444723	0.0658946336308	0.0576015115483	0.0561311293648	0.0717082838401
LR	18	0.0541512092419	0.0452551324254	0.0762961113512	0.0725066132761	0.0621902659943
LR	19	0.0529942165801	0.0528349302458	0.069166978223	0.0736303764961	0.0665380323726
LR	20	0.0411803100594	0.0658139457536	0.0709677223116	0.0737003145615	0.0611704047651
LR	21	0.0570819289432	0.0534478131819	0.0679387893033	0.077857955283	0.080765139979
LR	22	0.0578905728569	0.075038323209	0.063177847785	0.0584545107035	0.071113715518
LR	23	0.0564183316962	0.0832724240624	0.0868548464468	0.0831954048597	0.0537974767769
LR	24	0.0798066183116	0.0770042008058	0.0585971432659	0.0793712984899	0.0802621114812
LR	25	0.0768049226861	0.079821818174	0.108204801288	0.0735969387786	0.0779912109543
LR	26	0.0652421370484	0.0700276782386	0.0715742070592	0.0798971589906	0.081662060076
LR	27	0.082310160113	0.0902026618818	0.0694881456556	0.0748204637891	0.0632203051906
LR	28	0.0987703482499	0.0896161725444	0.0856153991214	0.0607658608769	0.102700087462
LR	29	0.0831056725174	0.0900782458289	0.0985383276655	0.101074158783	0.0793525112468
LR	30	0.0968011277176	0.0980877603735	0.0980324956767	0.0880519989472	0.0998074365485
LR	31	0.105902365951	0.0939305220505	0.108393847332	0.0982401636601	0.1223968082
LR	32	0.114365876031	0.127643314293	0.121134995511	0.0756035340088	0.110811820803
LR	33	0.126473071667	0.120059492103	0.127973310617	0.0656933362226	0.131708086117
LR	34	0.125807792685	0.130517386648	0.147340495999	0.128622387989	0.151423144182
LR	35	0.140833934141	0.145835335986	0.147985684737	0.16963924002	0.143064596901
LR	36	0.165328668554	0.171089132095	0.159538446567	0.157738025601	0.150656517423
LR	37	0.149308472429	0.156608768816	0.17314476928	0.171222627676	0.168366686576
LR	38	0.189199850758	0.167877805692	0.157996955185	0.160011876384	0.159698067533
LR	39	0.178340506988	0.189862004864	0.192428095721	0.192081458373	0.180403897945
LR	40	0.250749374529	0.25535115371	0.243792971292	0.219990357585	0.238396852492
LR	41	0.312467791114	0.276783822295	0.285003541487	0.281257292861	0.293245458716
LR	42	0.307068948136	0.345986003957	0.30238135939	0.316924211958	0.352067367911
LR	43	0.340674428614	0.357556443348	0.346548895749	0.342365476701	0.362501310693
LR	44	0.369424601416	0.348458588337	0.350135869827	0.380735515482	0.367925591612
LR	45	0.362018325716	0.381925830526	0.377816966106	0.377182506843	0.385064503947
LR	46	0.371591343202	0.367625695753	0.392174617011	0.378788363206	0.363798991022
LR	47	0.347682768106	0.372572857335	0.324398996818	0.359464618524	0.3723756254
LR	48	0.2953932374	0.335877303404	0.347002797855	0.335379187791	0.345014836735
LR	49	0.287509919392	0.310719506644	0.311290917901	0.331433873128	0.334036498124
LR	50	0.313091884625	0.294343114245	0.297406599034	0.313888796718	0.264499126184
LR	51	0.288566239601	0.288016679828	0.280067045147	0.272728891159	0.29848240039
LR	52	0.265922300471	0.281135148066	0.274817322423	0.259491277086	0.247214171903
LR	53	0.239399583945	0.273026567518	0.242637247698	0.248135994115	0.26207965744
LR	54	0.244918240842	0.254970876426	0.257758488899	0.251587608159	0.250689770855
LR	55	0.251932623262	0.253538117962	0.227199736985	0.25756539344	0.256367251702
LR	56	0.26180346329	0.257538512134	0.255138700311	0.233321784796	0.230498352552
LR	57	0.231901924571	0.226280565667	0.237120768218	0.262300156803	0.248057066204
LR	58	0.235236793166	0.241792909787	0.229953717268	0.249652513939	0.240438162684
LR	59	0.235189019855	0.220307995568	0.237241160512	0.247456660681	0.229100717358
LR	60	0.232503513819	0.242141592808	0.207262641497	0.221390635212	0.258922026894
LR	61	0.220623079006	0.225967903156	0.245464113352	0.221432410829	0.214598331657
LR	62	0.220343906947	0.220922371604	0.223650929023	0.228811055694	0.22030781647
LR	63	0.205850859812	0.238274117659	0.203214984378	0.222174256231	0.210262641602
LR	64	0.206806261584	0.210706108676	0.205422154025	0.238942247015	0.228901207995
LR	65	0.227213984651	0.229257950262	0.231168706182	0.223783187409	0.216935402754
LR	66	0.223077262682	0.234480683957	0.214459909551	0.236595004011	0.234879354041
LR	67	0.220081781281	0.218090836896	0.220980641346	0.220991010888	0.198205586403
LR	68	0.207948643801	0.22271920803	0.189238950599	0.229753400994	0.225330150623
LR	69	0.236744413715	0.204960873412	0.241033300476	0.193920221942	0.226445695438
LR	70	0.180948275777	0.20523146658	0.221962923441	0.213455478621	0.209043798319
LR	71	0.202561223359	0.205447032523	0.193704770739	0.19258358504	0.224158758119
LR	72	0.211970053664	0.183384826071	0.20819971705	0.20429075071	0.214443684836
LR	73	0.210209733688	0.21202389114	0.206421720527	0.201379690548	0.196113916769
LR	74	0.199915578434	0.211294486453	0.218564574836	0.196335362859	0.223494575351
LR	75	0.216387587662	0.221414659464	0.200322365304	0.23004458635	0.217508358168
LR	76	0.205317809228	0.222320500995	0.215514338773	0.195456981675	0.218405922275
LR	77	0.209719006863	0.208321323678	0.196193110972	0.209258437155	0.21582767716
LR	78	0.198077280885	0.183633627075	0.206293853352	0.239373652927	0.197095120035
LR	79	0.182732007093	0.20937812777	0.193751492731	0.206237028686	0.210998349578
LR	80	0.201448457504	0.207293467733	0.169888867422	0.18246277526	0.204233331162
LR	81	0.196954110225	0.182958850794	0.154921288416	0.187405439556	0.199163283589
LR	82	0.190326872319	0.187286138994	0.201318939008	0.207040558932	0.182563855712
LR	83	0.21015573714	0.183205956998	0.182350225281	0.210777412354	0.195009886865
LR	84	0.184809334945	0.211718740276	0.191506912061	0.195324208621	0.173630961046
LR	85	0.181671012211	0.204743745606	0.214939444503	0.182008968877	0.178435269849
LR	86	0.193424845385	0.208452850681	0.169288080195	0.217124584681	0.207456115901
LR	87	0.201514500072	0.177978721298	0.175700594169	0.215323157131	0.193916335246
LR	88	0.19658247848	0.206810984816	0.204867142238	0.188641164682	0.168717485358
LR	89	0.195825722617	0.191551773312	0.207385221801	0.199466593573	0.197309606275
LR	90	0.193586128967	0.200740819214	0.154680046808	0.191557731596	0.165929631575
LR	91	0.186049621558	0.193820909218	0.188248227745	0.194444224803	0.169653381335
LR	92	0.20839455666	0.187278994168	0.20178603758	0.187975482511	0.183721169589
LR	93	0.176966442821	0.184653424561	0.211963224347	0.191980370353	0.202204750326
LR	94	0.182281399673	0.182627574658	0.204263626573	0.185333077999	0.185398239118
LR	95	0.206716932413	0.187337407229	0.209171838995	0.178654378066	0.172631855019
LR	96	0.198383239324	0.188883731062	0.204844860356	0.190849951756	0.172352005285
LR	97	0.200024253561	0.187236221666	0.187166560016	0.166243014545	0.171575040345
LR	98	0.199823425928	0.185800155342	0.199807143562	0.204626040932	0.183201395379
LR	99	0.194846285241	0.192246377811	0.209226195232	0.14786605549	0.186770777346
LR	100	0.190749318516	0.186735073766	0.159630681938	0.18666840522	0.172951924875
LR	101	0.184408291231	0.173462970335	0.188896560375	0.191351179558	0.197078032218
LR	102	0.194079486544	0.193102485858	0.170603690674	0.197560826364	0.190849814871
LR	103	0.193305515055	0.169579460175	0.191209167372	0.18760122198	0.196877884479
LR	104	0.189049967529	0.17164836031	0.186630209782	0.185460660738	0.186856741018
LR	105	0.180223250214	0.180717644978	0.189008957107	0.171649640911	0.179024465029
LR	106	0.194271264636	0.168049112114	0.166509634595	0.197340580166	0.168889936715
LR	107	0.187554142266	0.173841481823	0.202378226998	0.158037102587	0.158402708151
LR	108	0.189018057183	0.142115126082	0.174012183846	0.173633160842	0.186481904963
LR	109	0.166112808173	0.186566429503	0.171296193679	0.19959369186	0.180693296204
LR	110	0.171549053897	0.187961641897	0.151930294003	0.173344953688	0.179830908904
LR	111	0.155527284561	0.16609529206	0.185417278355	0.181465785407	0.162513006577
LR	112	0.175206094645	0.168613349912	0.182329798055	0.160227610809	0.159562801604
LR	113	0.166246704529	0.177062323486	0.173579239961	0.146452361989	0.18330494869
LR	114	0.154220268617	0.169345381322	0.158695651242	0.165921462174	0.13796620634
LR	115	0.153243815369	0.148736510082	0.151682138765	0.171043025598	0.160046897526
LR	116	0.157752446686	0.154315575109	0.152615650277	0.151513836858	0.163875965489
LR	117	0.155894992137	0.145789660324	0.143261699245	0.141029542795	0.128631268018
LR	118	0.116633890645	0.148742555221	0.147993715913	0.131914327268	0.136078284303
LR	119	0.133255285347	0.143945893464	0.133690958758	0.124192304309	0.132571052328
LR	120	0.141531303693	0.122443953084	0.141179886455	0.141890277211	0.151999169214
LR	121	0.15266815542	0.148921894644	0.167092567302	0.14525904588	0.131838612963
LR	122	0.133876859576	0.143143380286	0.15209026252	0.140256037536	0.155182290154
LR	123	0.133706333359	0.132298445808	0.124370312065	0.152651315637	0.131999594521
LR	124	0.141668123297	0.118914371442	0.14920229846	0.118698750131	0.129257671736
LR	125	0.123084275978	0.118472031247	0.122869507146	0.122690564661	0.123050622723
LR	126	0.130533818404	0.108257427936	0.114387595437	0.105117751385	0.104758866001
LR	127	0.113014243352	0.117135566911	0.103421514901	0.120684229947	0.0932792349322
LR	128	0.102754299136	0.101023533084	0.115687947428	0.103382134925	0.101936343374
LR	129	0.120407788191	0.100268752999	0.0986965854736	0.0987226603303	0.0870225705306
LR	130	0.0924869946876	0.100771616485	0.0935689631791	0.107988553209	0.0967161468283
LR	131	0.0905945972096	0.105699783952	0.0838229368556	0.0864601244121	0.088588771881
LR	132	0.0841938074571	0.0753922572367	0.0695019052775	0.0970773060572	0.0900566198234
LR	133	0.089646421519	0.0677965384724	0.0796935377525	0.0770226052773	0.0379935960863
LR	134	0.0739889413329	0.0611152586461	0.0815872075565	0.0759000243689	0.0679853960337
LR	135	0.0851488430963	0.0559019414766	0.0685195272029	0.0766727643477	0.0864732936189
LR	136	0.0719589128113	0.0788497838546	0.0779421801274	0.071118631221	0.0627796002118
LR	137	0.0686860657345	0.0689637155766	0.0783819063207	0.0779578382497	0.0732817537474
LR	138	0.0721986114288	0.0771602043969	0.084479361231	0.0659840157646	0.0757490044643
LR	139	0.0753028965359	0.0679941668502	0.0773632636351	0.0542413488351	0.0749788122263
LR	140	0.0640775478441	0.0654351903537	0.0615836462993	0.0614980261955	0.0630941101082
LR	141	0.0597094666121	0.0608843096214	0.0438730097633	0.0664759745362	0.0591455867708
LR	142	0.067952079925	0.0559820938881	0.0481107489894	0.0569621181019	0.0659031865314
LR	143	0.0633491138075	0.0601308022978	0.0470203663053	0.0616960625239	0.0604373030327
LR	144	0.0545683256546	0.0492767522227	0.0613482844607	0.0328532051808	0.0558359296413
LR	145	0.0559927718509	0.0510429078779	0.058029242603	0.0590834613376	0.0547516004407
LR	146	0.066134155018	0.0396365561369	0.0588219815928	0.0517966731473	0.0483251171474
LR	147	0.0469805058675	0.0610104229592	0.0432104811402	0.0649727946267	0.0442038630833
LR	148	0.0516406852328	0.0584391518936	0.0609218818564	0.043479311023	0.0337551016992
LR	149	0.047162447416	0.052376754863	0.0382942400844	0.0551803953097	0.054158723168
LR	150	0.0599087939266	0.0496337269709	0.0336409047006	0.0500142515525	0.0523173540096
LR	151	0.0563935009225	0.0417427584325	0.036627901504	0.0418201776454	0.0654523716898
LR	152	0.0380019478159	0.0581316773836	0.0508807282211	0.0425906628914	0.0431557309017
LR	153	0.0268270834783	0.0386645192429	0.0539898791611	0.0393276553517	0.0416432920077
LR	154	0.0404986538545	0.0421023472935	0.0372579569213	0.042106117603	0.0454189201083
LR	155	0.0372334628635	0.0447083889809	0.0409905644886	0.0389862322041	0.0369681261249
LR	156	0.0281032511125	0.032474757014	0.0432187041485	0.0352397697773	0.0411496630818
LR	157	0.0358945643261	0.0353999484257	0.0422959595766	0.028239176446	0.034908966293
LR	158	0.0342812652023	0.0419086125511	0.0404756481495	0.0377440310993	0.0497407136389
LR	159	0.0293231696052	0.0415289695347	0.0346757812424	0.0431980227103	0.0392051611281
