K562	RFC	all	H3K27ac-human-H3K27me3-human	0.928061617585	0.925519198516	0.923842626427	0.935538992843	0.924751208346	0.931534295716	0.9278782909	0.93079895437	0.912939195984	0.908597204738
K562	RFC	all	H3K27ac-human-H2AFZ-human	0.926193047955	0.93292101345	0.928635132825	0.941269190464	0.927675145113	0.924728911857	0.932063837325	0.928495518375	0.924379210087	0.904856078043
K562	RFC	all	H3K27ac-human-H3K4me3-human	0.930466541641	0.923399174039	0.923488359994	0.937903659349	0.926598720182	0.924920290053	0.926842123518	0.93450305306	0.915386105131	0.904792143075
K562	RFC	all	H3K27ac-human-H3K79me2-human	0.937391459454	0.933684048844	0.929845956036	0.951835868114	0.936676733118	0.936752293442	0.940556322169	0.941453043388	0.928223998331	0.918174414592
K562	RFC	all	H3K27ac-human-H3K9me3-human	0.919776613956	0.917707375926	0.916925760124	0.928272814882	0.908768341959	0.920961424597	0.919554268415	0.930562720423	0.905244032943	0.895447706162
K562	RFC	all	H3K27ac-human-H3K36me3-human	0.949128702766	0.951780126892	0.938043631751	0.954534362605	0.942762435867	0.945661598757	0.944839725406	0.947319829763	0.936906118638	0.926924814961
K562	RFC	all	H3K27me3-human-H2AFZ-human	0.903226425799	0.915780587686	0.912683233784	0.921046894471	0.910123473	0.917318426066	0.918313097205	0.915356322637	0.904324114283	0.894994574839
K562	RFC	all	H3K27me3-human-H3K4me3-human	0.931355304459	0.92518537053	0.922833710309	0.942420556372	0.926178183629	0.928307498309	0.937441007207	0.94142886196	0.918648029934	0.915224715893
K562	RFC	all	H3K27me3-human-H3K79me2-human	0.936644527079	0.933200338907	0.942126366589	0.949651431558	0.938459832875	0.939037683543	0.938927439793	0.94364177261	0.927780177925	0.923350664055
K562	RFC	all	H3K27me3-human-H3K9me3-human	0.844026151304	0.854877109186	0.847970771781	0.865174370929	0.869140049201	0.845882953343	0.848362818375	0.868014047549	0.844299732094	0.83868400732
K562	RFC	all	H3K27me3-human-H3K36me3-human	0.922573584607	0.932392710535	0.918861838568	0.938997425994	0.936222751833	0.926870613476	0.931236389852	0.927879822025	0.918746725661	0.910225994592
K562	RFC	all	H2AFZ-human-H3K4me3-human	0.923947915402	0.925802859401	0.930956445048	0.942906743697	0.925827633277	0.92539594848	0.930960780476	0.929893700924	0.922028513754	0.913657998823
K562	RFC	all	H2AFZ-human-H3K79me2-human	0.939191281577	0.942686875543	0.936726280871	0.950346338793	0.936759106258	0.93401973487	0.946419679376	0.940571351333	0.934493349522	0.923430117218
K562	RFC	all	H2AFZ-human-H3K9me3-human	0.879472613718	0.891829823288	0.893022066092	0.9004090167	0.889000027251	0.890672263911	0.895589259038	0.891936919956	0.881944392717	0.87109779443
K562	RFC	all	H2AFZ-human-H3K36me3-human	0.938583082911	0.937116469425	0.93280457623	0.947272520073	0.943651198684	0.940561276945	0.943824615819	0.936703562978	0.931948365375	0.921629385753
K562	RFC	all	H3K4me3-human-H3K79me2-human	0.936829092459	0.933965232342	0.933620256112	0.951173786266	0.927799633842	0.936673636384	0.941288390218	0.94579081949	0.925680876368	0.921701390182
K562	RFC	all	H3K4me3-human-H3K9me3-human	0.919465701807	0.917869644817	0.917501133405	0.930865401052	0.912818870757	0.913645698883	0.919016055949	0.930662546317	0.909918734311	0.903211769993
K562	RFC	all	H3K4me3-human-H3K36me3-human	0.948256042968	0.94659743194	0.941477291026	0.952084845572	0.945823248301	0.948858048165	0.951770836688	0.954819792561	0.937293452811	0.929815544515
K562	RFC	all	H3K79me2-human-H3K9me3-human	0.938454258753	0.933344646737	0.928685919272	0.938831441022	0.927724073519	0.932426155268	0.935605882309	0.942415960238	0.929844718723	0.917647416655
K562	RFC	all	H3K79me2-human-H3K36me3-human	0.949645857436	0.951229527488	0.942494878001	0.957255153586	0.948226314316	0.946815442053	0.951688463549	0.95389159776	0.939210881111	0.937778861982
K562	RFC	all	H3K9me3-human-H3K36me3-human	0.925051591598	0.930717996487	0.917065113179	0.932981709447	0.931811763132	0.934133075355	0.922831852268	0.925138020149	0.911023629867	0.908346430691
K562	SVC	all	H3K27ac-human-H3K27me3-human	0.917623764093	0.91788698653	0.9111361052	0.925720486262	0.915779968339	0.914665143899	0.91892377326	0.924091398356	0.908805148565	0.902825056548
K562	SVC	all	H3K27ac-human-H2AFZ-human	0.917073164689	0.924893658135	0.91686258674	0.929868252525	0.918000327015	0.917001939795	0.929662010004	0.923925848582	0.910541324335	0.900250277465
K562	SVC	all	H3K27ac-human-H3K4me3-human	0.928534179279	0.925127151921	0.921236414626	0.931361497928	0.922474489101	0.922787878638	0.923747247003	0.932376327498	0.915270649753	0.900898317331
K562	SVC	all	H3K27ac-human-H3K79me2-human	0.928940470852	0.928867387917	0.924582126639	0.928818459511	0.924461353991	0.924231576287	0.927088004241	0.928770194592	0.916787708596	0.908079517719
K562	SVC	all	H3K27ac-human-H3K9me3-human	0.907084337708	0.912580422196	0.905762651399	0.918568268133	0.908562099437	0.909987836027	0.910369353724	0.919566371199	0.901560633937	0.881390082755
K562	SVC	all	H3K27ac-human-H3K36me3-human	0.939736306859	0.947589006345	0.928943567587	0.948166857013	0.944917763117	0.944356634816	0.942985400755	0.93907892322	0.926942816068	0.923744826233
K562	SVC	all	H3K27me3-human-H2AFZ-human	0.906270515866	0.916256865461	0.913026971319	0.918625248048	0.912840547899	0.912564938524	0.918954740605	0.910122593638	0.90066864803	0.89579345157
K562	SVC	all	H3K27me3-human-H3K4me3-human	0.933921258711	0.926525637246	0.925400903256	0.940840602402	0.927546940302	0.931352207724	0.928184248274	0.938142667943	0.92031344273	0.910969005817
K562	SVC	all	H3K27me3-human-H3K79me2-human	0.929195022433	0.924432244687	0.92141788327	0.932624965626	0.923956586259	0.924779078957	0.924310852692	0.929411312444	0.917495338334	0.91363875626
K562	SVC	all	H3K27me3-human-H3K9me3-human	0.879362369968	0.885572561445	0.870117378627	0.89115163842	0.886146696032	0.878512626006	0.883776455403	0.896127747382	0.872120133183	0.868853863286
K562	SVC	all	H3K27me3-human-H3K36me3-human	0.939367795447	0.941771480809	0.925420722357	0.945571793455	0.939876279261	0.941429601314	0.937154249587	0.932551177822	0.925604526844	0.92064987722
K562	SVC	all	H2AFZ-human-H3K4me3-human	0.928340323695	0.926565275448	0.923523043421	0.934481767666	0.922810175127	0.923139667683	0.928704499679	0.927223823295	0.914986356402	0.902946719205
K562	SVC	all	H2AFZ-human-H3K79me2-human	0.927689390092	0.928428890304	0.926444502801	0.933114869033	0.924083552376	0.924385174321	0.93569197153	0.926486599769	0.913100585222	0.907583556175
K562	SVC	all	H2AFZ-human-H3K9me3-human	0.874912362412	0.894614407	0.882643050556	0.886832932409	0.882175443638	0.889609464612	0.897561259603	0.884469199062	0.873748302309	0.86070618965
K562	SVC	all	H2AFZ-human-H3K36me3-human	0.939769751592	0.94777047499	0.929857104281	0.949169579662	0.943869208797	0.943988123404	0.945724152795	0.937044583112	0.926591484111	0.921348196041
K562	SVC	all	H3K4me3-human-H3K79me2-human	0.930868497786	0.925928586824	0.92071616322	0.932771131497	0.923283356167	0.923090739277	0.925318530116	0.930891959861	0.916154566198	0.909084476093
K562	SVC	all	H3K4me3-human-H3K9me3-human	0.921092106795	0.919234685409	0.917341961249	0.930925477702	0.91668607287	0.920517352862	0.919200001982	0.931017207256	0.910216683675	0.891599814278
K562	SVC	all	H3K4me3-human-H3K36me3-human	0.948733559436	0.949499691565	0.938383653205	0.954459421629	0.947567329203	0.947855325516	0.945338919017	0.948730413044	0.933241962195	0.92625815326
K562	SVC	all	H3K79me2-human-H3K9me3-human	0.918982611216	0.920349509849	0.922261433763	0.931809905091	0.923426425303	0.922789736678	0.924771646794	0.928232002817	0.909895146653	0.897595424491
K562	SVC	all	H3K79me2-human-H3K36me3-human	0.944006703811	0.946207862733	0.934615546598	0.951162018675	0.945361215505	0.945444207992	0.946281565015	0.940627774664	0.929219645788	0.92665479835
K562	SVC	all	H3K9me3-human-H3K36me3-human	0.935028031641	0.94499332344	0.927380335983	0.950359345078	0.940815209178	0.937431097656	0.936303266931	0.938590334373	0.923618197754	0.916558039295
K562	LR	all	H3K27ac-human-H3K27me3-human	0.339220625445	0.334705669769	0.329525084645	0.355005682182	0.35470965682	0.353109715183	0.349293751949	0.344387312127	0.346075094056	0.342130505108
K562	LR	all	H3K27ac-human-H2AFZ-human	0.355465161545	0.378831763344	0.370909925479	0.384061854424	0.36663177126	0.391952110221	0.408087916405	0.392098070951	0.343423045702	0.334541051345
K562	LR	all	H3K27ac-human-H3K4me3-human	0.469378892622	0.47079900178	0.493015688968	0.467135166773	0.464898935579	0.460267820235	0.478563737054	0.493581537219	0.440714382771	0.423382199233
K562	LR	all	H3K27ac-human-H3K79me2-human	0.259010898483	0.257896439628	0.268264921164	0.265594480839	0.261508711659	0.287009597836	0.277705708027	0.283747081781	0.258553512512	0.254821781468
K562	LR	all	H3K27ac-human-H3K9me3-human	0.271771049041	0.259934738711	0.215084808484	0.275156547388	0.243892650175	0.256643116921	0.303796387134	0.311198492305	0.263188259747	0.252717919494
K562	LR	all	H3K27ac-human-H3K36me3-human	0.350225527533	0.362935969869	0.332219660112	0.383887173925	0.303534887226	0.346330848878	0.342645182512	0.347545846745	0.331443216682	0.329118244855
K562	LR	all	H3K27me3-human-H2AFZ-human	0.379265147174	0.407449834679	0.392126254255	0.393828168544	0.399971041198	0.4009098792	0.421285553049	0.3722533842	0.368489735978	0.362129552371
K562	LR	all	H3K27me3-human-H3K4me3-human	0.51713664138	0.511515905485	0.525102034737	0.510571432957	0.514862923836	0.509879776646	0.516067079501	0.513266926957	0.482996610729	0.482923380596
K562	LR	all	H3K27me3-human-H3K79me2-human	0.342197475497	0.34788040476	0.351307901987	0.344852489189	0.353836027282	0.357195798907	0.333132284705	0.318275742576	0.325141863666	0.334006179071
K562	LR	all	H3K27me3-human-H3K9me3-human	0.307697002765	0.291476181663	0.216841140138	0.290102993872	0.251611411488	0.272907895606	0.294588475018	0.288145928064	0.271639922436	0.282090956899
K562	LR	all	H3K27me3-human-H3K36me3-human	0.401552252916	0.432931674815	0.401012978258	0.435292396481	0.393624458205	0.400645462958	0.390115214547	0.375300347798	0.397695115747	0.387377281716
K562	LR	all	H2AFZ-human-H3K4me3-human	0.502216011272	0.494937151533	0.510728042101	0.488044188503	0.493715230292	0.492226203069	0.519980274793	0.521521373056	0.446401748309	0.452525399865
K562	LR	all	H2AFZ-human-H3K79me2-human	0.399758755912	0.409898589741	0.413485542641	0.392651552067	0.397163656934	0.423348473337	0.436154312056	0.413059492955	0.360622294851	0.361237456495
K562	LR	all	H2AFZ-human-H3K9me3-human	0.337337711817	0.358883673565	0.299442371032	0.326370909295	0.327354040242	0.341300445166	0.390478804782	0.344125044356	0.303697338498	0.292939872389
K562	LR	all	H2AFZ-human-H3K36me3-human	0.448306617727	0.483825224738	0.448250082549	0.471081807684	0.434472520332	0.455760111106	0.458357964526	0.44732111924	0.421116139484	0.414043709671
K562	LR	all	H3K4me3-human-H3K79me2-human	0.483539295301	0.469168457916	0.493568656837	0.474932735808	0.484373299942	0.480794635817	0.479557213074	0.495252381383	0.440337978532	0.43546937945
K562	LR	all	H3K4me3-human-H3K9me3-human	0.484183355031	0.476904465475	0.486672026169	0.467771890906	0.473157155999	0.469074778661	0.489627417661	0.498960740838	0.44093189041	0.432533343133
K562	LR	all	H3K4me3-human-H3K36me3-human	0.498709793023	0.496393897379	0.508798674033	0.491508467906	0.479755892446	0.488918548775	0.502665092301	0.497637919387	0.45633249089	0.456924768498
K562	LR	all	H3K79me2-human-H3K9me3-human	0.285276581859	0.274480418109	0.230105089384	0.263915994839	0.242913035127	0.258137227773	0.28821871588	0.284272185828	0.237898029901	0.246918997699
K562	LR	all	H3K79me2-human-H3K36me3-human	0.340322464275	0.360103951869	0.332083203171	0.353165680253	0.306821642953	0.335002688355	0.329892437502	0.32054267721	0.304488713833	0.311023859421
K562	LR	all	H3K9me3-human-H3K36me3-human	0.358254673326	0.395515096224	0.31882431805	0.398038339604	0.313816182935	0.337062626059	0.360401085251	0.359147005189	0.331682749998	0.322257351775
K562	RFR	all	H3K27ac-human-H3K27me3-human	0.6016707028	0.602848907444	0.571641899739	0.619836374667	0.590110725313	0.598650356152	0.587132499001	0.576864031323	0.564049902261	0.547404170364
K562	RFR	all	H3K27ac-human-H2AFZ-human	0.586508826129	0.593141041467	0.587616372913	0.62558791532	0.59756149273	0.599879867359	0.6085904223	0.59744593806	0.569492138688	0.532724476337
K562	RFR	all	H3K27ac-human-H3K4me3-human	0.592283185816	0.57814283096	0.592930065758	0.615413251677	0.583266281084	0.609526319562	0.59457412141	0.637109904909	0.565689804666	0.526335444899
Endo	RFC	all	H3K27ac-human-H3K27me3-human	0.896164632319	0.887735320859	0.905572511898	0.896247624805	0.89697040265	0.89892411248	0.918627015739	0.914526093621	0.890464333014	0.907363818519
Endo	RFC	all	H3K27ac-human-H2AFZ-human	0.900237457606	0.895093162162	0.911876844105	0.901568434118	0.901416694124	0.890902078859	0.916575314607	0.912072608767	0.898578132053	0.908982676727
keratinocyte	RFC	all	H3K27ac-human-H3K27me3-human	0.864304176808	0.891323197515	0.881963007648	0.872377245153	0.880406099176	0.884156080575	0.884148020099	0.87426897684	0.873451768592	0.872029404616
Endo	RFC	all	H3K27ac-human-H3K4me3-human	0.901747425375	0.889296075075	0.901903500796	0.905973229349	0.893578858965	0.890228719104	0.915080406347	0.906752694679	0.879758160922	0.900288141864
keratinocyte	RFC	all	H3K27ac-human-H2AFZ-human	0.883378021062	0.893306346324	0.892554459174	0.886485558107	0.886959266075	0.890707387364	0.892596018869	0.885512720671	0.890389928621	0.890270261556
Endo	RFC	all	H3K27ac-human-H3K79me2-human	0.906555415446	0.899821875828	0.918988185338	0.911894185819	0.904626769164	0.904304790155	0.920964553747	0.915685562076	0.903958809728	0.916328990721
keratinocyte	RFC	all	H3K27ac-human-H3K4me3-human	0.877519329969	0.890142722302	0.890233146951	0.87925965149	0.884164141051	0.883761117256	0.882827342126	0.883361813681	0.883568905908	0.879031478018
Endo	RFC	all	H3K27ac-human-H3K9me3-human	0.89038179021	0.879551890123	0.890387364332	0.884734585075	0.876949394403	0.880699996528	0.908920962694	0.899082841851	0.877160207539	0.893750015518
keratinocyte	RFC	all	H3K27ac-human-H3K79me2-human	0.895319357437	0.905726109932	0.90932947026	0.902210926533	0.90178930164	0.905410315425	0.906631167504	0.898937753285	0.904872743687	0.893510572864
Endo	RFC	all	H3K27ac-human-H3K36me3-human	0.923009604832	0.914968623885	0.921596255181	0.920708731057	0.921693492646	0.924041175391	0.9285128794	0.924296630473	0.91442564769	0.921025417564
keratinocyte	RFC	all	H3K27ac-human-H3K9me3-human	0.862897348556	0.879255222953	0.88412390902	0.872235876806	0.87413194875	0.878688597775	0.877489446977	0.872279899405	0.872734386238	0.870426609987
K562	RFR	all	H3K27ac-human-H3K79me2-human	0.6107732224	0.623804578262	0.623600889652	0.647863487145	0.625186926394	0.638042628013	0.628672650873	0.642641770048	0.609820775105	0.568975186388
Endo	RFC	all	H3K27me3-human-H2AFZ-human	0.890318616825	0.881770390758	0.908602356987	0.892945267075	0.892693192882	0.897655517582	0.913419328277	0.89960739282	0.889148615334	0.890191382808
keratinocyte	RFC	all	H3K27ac-human-H3K36me3-human	0.904094402259	0.919974185621	0.919061268274	0.911507135381	0.904711534169	0.918444724977	0.914536014206	0.907639967064	0.919743701668	0.914454169374
Endo	RFC	all	H3K27me3-human-H3K4me3-human	0.900628265507	0.88868539902	0.901853333697	0.90581467654	0.896873784532	0.897866330028	0.919916691881	0.909953323644	0.892999042663	0.904047890394
keratinocyte	RFC	all	H3K27me3-human-H2AFZ-human	0.853035940317	0.850121763603	0.850269787514	0.852521812888	0.854499109627	0.851958199612	0.857425682412	0.859285172197	0.850565597393	0.851682283322
Endo	RFC	all	H3K27me3-human-H3K79me2-human	0.912652885785	0.91027583234	0.920028068802	0.909526422578	0.904372836931	0.910337746341	0.921827024668	0.912959881151	0.912362165862	0.914671647387
keratinocyte	RFC	all	H3K27me3-human-H3K4me3-human	0.875358976294	0.890711902113	0.887654186414	0.877489446977	0.882243887679	0.888528578727	0.884839360916	0.887692769381	0.880402998993	0.878916771246
Endo	RFC	all	H3K27me3-human-H3K9me3-human	0.879216204097	0.874260809462	0.882019987564	0.875096308445	0.869088643407	0.874802828359	0.897835328198	0.875218252886	0.86239651589	0.871279667687
keratinocyte	RFC	all	H3K27me3-human-H3K79me2-human	0.899076467364	0.906041976856	0.906505867693	0.900606891831	0.899312255396	0.901257930268	0.912014325326	0.90362398996	0.911324844619	0.896026681415
Endo	RFC	all	H3K27me3-human-H3K36me3-human	0.919182040921	0.896540575894	0.910421998211	0.911092131569	0.909139330759	0.911087370598	0.920051239825	0.907725532115	0.901479283337	0.910542565791
keratinocyte	RFC	all	H3K27me3-human-H3K9me3-human	0.76594436285	0.786392824494	0.776576795301	0.781232483966	0.762677268466	0.765398609134	0.766065148486	0.776332954698	0.776745279041	0.772375881072
Endo	RFC	all	H2AFZ-human-H3K4me3-human	0.894203160651	0.882623850802	0.89844816438	0.894602020062	0.886043265098	0.889414611039	0.904836161527	0.901200266864	0.889923041056	0.898110007871
keratinocyte	RFC	all	H3K27me3-human-H3K36me3-human	0.884664829665	0.903220851676	0.890257301481	0.894392264919	0.883161541857	0.897499268357	0.902904747496	0.891721147217	0.89777642472	0.895668920293
Endo	RFC	all	H2AFZ-human-H3K79me2-human	0.914299109875	0.90697966808	0.921181912097	0.912675182274	0.909471300703	0.904633409557	0.925063615756	0.921133823741	0.912164374185	0.915164505292
keratinocyte	RFC	all	H2AFZ-human-H3K4me3-human	0.885154188129	0.888219030796	0.891974750465	0.880022916553	0.888979965377	0.879586410782	0.885115897243	0.878027638752	0.888673667293	0.88566090942
Endo	RFC	all	H2AFZ-human-H3K9me3-human	0.858635925589	0.858212911649	0.863027714536	0.860848852102	0.858609293672	0.84789447969	0.880293252514	0.879621752868	0.855840868845	0.866109004775
keratinocyte	RFC	all	H2AFZ-human-H3K79me2-human	0.900340385622	0.907920456038	0.907725981107	0.892902936989	0.903745517135	0.900222469135	0.904234726018	0.906444536485	0.907507899266	0.901040917456
Endo	RFC	all	H2AFZ-human-H3K36me3-human	0.905848121273	0.898379416872	0.907232980966	0.904504138476	0.903534241213	0.904803299587	0.912522135307	0.912195376015	0.896487368614	0.902432756553
keratinocyte	RFC	all	H2AFZ-human-H3K9me3-human	0.817682729915	0.830899093524	0.827254856299	0.811657060233	0.815862148501	0.823440855948	0.841889425152	0.821709713741	0.819627630815	0.828899658236
Endo	RFC	all	H3K4me3-human-H3K79me2-human	0.913545984031	0.903925049114	0.919721492081	0.91052047437	0.906968519835	0.907409933482	0.924723835695	0.919735021156	0.907324368431	0.909260142072
keratinocyte	RFC	all	H2AFZ-human-H3K36me3-human	0.894090702684	0.910156917733	0.8989554095	0.880557388108	0.894545413961	0.90161941161	0.908183739168	0.893761067653	0.900286332905	0.895184671703
Endo	RFC	all	H3K4me3-human-H3K9me3-human	0.876425426916	0.864509811694	0.886894867101	0.876238384149	0.868137326552	0.87794393381	0.901239949207	0.882898026299	0.868120073809	0.879449066798
keratinocyte	RFC	all	H3K4me3-human-H3K79me2-human	0.898509157994	0.908432036586	0.907286244801	0.897409363049	0.904576986225	0.896001879951	0.908356729381	0.904416396744	0.907527740438	0.893040585116
Endo	RFC	all	H3K4me3-human-H3K36me3-human	0.921314452336	0.910290077319	0.915226891547	0.924735724673	0.914891205522	0.920606172588	0.930562100386	0.923860124702	0.906846940243	0.921549932589
keratinocyte	RFC	all	H3K4me3-human-H3K9me3-human	0.863983093315	0.871971083931	0.880728649254	0.872544035	0.868265782412	0.868216179483	0.874106527249	0.876132186844	0.872640140674	0.864056973924
Endo	RFC	all	H3K79me2-human-H3K9me3-human	0.911337392946	0.902247238332	0.905638782017	0.908209691045	0.897713618943	0.907564322598	0.92374169771	0.91892649342	0.903685373584	0.91793915874
keratinocyte	RFC	all	H3K4me3-human-H3K36me3-human	0.912194491222	0.922520320772	0.915578061246	0.903596088313	0.913021264775	0.918248173372	0.917120326784	0.916182831434	0.9136636227	0.915488390435
Endo	RFC	all	H3K79me2-human-H3K36me3-human	0.929351717201	0.917875838286	0.923183021967	0.919679376491	0.9176925116	0.919415702303	0.928225182415	0.930043129746	0.913730586654	0.929659121099
keratinocyte	RFC	all	H3K79me2-human-H3K9me3-human	0.893069298355	0.904799566953	0.906128685424	0.890041468048	0.897098724709	0.903712655195	0.898413202315	0.904305410191	0.900494045168	0.89470104315
Endo	RFC	all	H3K9me3-human-H3K36me3-human	0.90258849848	0.898675464696	0.895477157247	0.894219883018	0.896546769363	0.899146705621	0.913381506044	0.908498717764	0.895595135937	0.902534555919
keratinocyte	RFC	all	H3K79me2-human-H3K36me3-human	0.91240669091	0.921757285378	0.921043797736	0.91141785011	0.909661906439	0.919387180619	0.919454144573	0.919940873309	0.918231432384	0.915598136914
K562	RFR	all	H3K27ac-human-H3K9me3-human	0.570314809022	0.581853449917	0.564433444533	0.583626582122	0.55225972599	0.582088196793	0.565408930396	0.583197777196	0.550995817492	0.508738637467
keratinocyte	RFC	all	H3K9me3-human-H3K36me3-human	0.887538495993	0.892952079891	0.8922485018	0.874775546748	0.878244651564	0.892582378064	0.89182841355	0.875769465429	0.891067008596	0.885549922867
K562	RFR	all	H3K27ac-human-H3K36me3-human	0.637772753528	0.6452172972	0.625062647694	0.663664232083	0.645750689259	0.651216873752	0.642146561117	0.657780297739	0.627537209129	0.591910179342
Endo	SVC	all	H3K27ac-human-H3K27me3-human	0.888030129989	0.883630289532	0.895954673716	0.892836262018	0.880187340054	0.880022916553	0.910918100605	0.896133327712	0.879835665498	0.889037449752
keratinocyte	SVC	all	H3K27ac-human-H3K27me3-human	0.857982110886	0.88140311804	0.88179020986	0.875986478242	0.865010590225	0.874008561465	0.877000238094	0.877707699863	0.876307037167	0.878887629526
K562	RFR	all	H3K27me3-human-H2AFZ-human	0.523136232438	0.519602177802	0.551805679434	0.561279154207	0.537627668667	0.54125896499	0.545120495909	0.532991551351	0.525480743762	0.501887991321
K562	RFR	all	H3K27me3-human-H3K4me3-human	0.60910388644	0.590509126871	0.602429065383	0.622478352441	0.594277338897	0.612768887148	0.613554050695	0.633789781983	0.580361333547	0.5630805689
Endo	SVC	all	H3K27ac-human-H2AFZ-human	0.888235133816	0.88949550478	0.898118052476	0.894921603068	0.88881174579	0.884123218635	0.910226139751	0.901097960824	0.882344953646	0.898890262767
keratinocyte	SVC	all	H3K27ac-human-H2AFZ-human	0.876008567176	0.887241701371	0.888324939118	0.875664059206	0.882842843041	0.887283545221	0.88206283699	0.879459303277	0.883960769044	0.881628191328
K562	RFR	all	H3K27me3-human-H3K79me2-human	0.639559175272	0.618326090837	0.615408642411	0.664380115327	0.633030036743	0.633071416437	0.631532513522	0.646253224008	0.612070899179	0.592054458393
Endo	SVC	all	H3K27ac-human-H3K4me3-human	0.892525349869	0.879569231836	0.894836752541	0.892243547025	0.884367312356	0.878676197043	0.908253183268	0.898834207172	0.876094984648	0.893619662672
K562	RFR	all	H3K27me3-human-H3K9me3-human	0.363719263708	0.378802126254	0.368908576232	0.406948662054	0.384397375003	0.395881297121	0.4014903421	0.413084780611	0.39739993892	0.369624849319
keratinocyte	SVC	all	H3K27ac-human-H3K4me3-human	0.879244148423	0.885962130652	0.887760714082	0.877346218521	0.885703691946	0.88369291323	0.886721792055	0.883776618172	0.877272434165	0.881459541371
K562	RFR	all	H3K27me3-human-H3K36me3-human	0.565523604327	0.592418883836	0.559906600969	0.623203296111	0.605277539471	0.594305639616	0.604906971035	0.599921329302	0.557483286212	0.540975545167
Endo	SVC	all	H3K27ac-human-H3K79me2-human	0.900199677444	0.888633993227	0.898700857919	0.885054168081	0.888925086275	0.886475017485	0.908316427002	0.903170123164	0.880486703935	0.902000729976
keratinocyte	SVC	all	H3K27ac-human-H3K79me2-human	0.879616580529	0.892440499342	0.898318101528	0.887623945318	0.88856454085	0.893779048715	0.897276055178	0.892374045764	0.890038987902	0.888844797397
K562	RFR	all	H2AFZ-human-H3K4me3-human	0.594011746478	0.595338523545	0.587967134751	0.612327136041	0.603614651027	0.594907863643	0.574084571539	0.608251496988	0.562235785576	0.558424884219
K562	RFR	all	H2AFZ-human-H3K79me2-human	0.626428093586	0.630049561166	0.62616986575	0.661176009989	0.634345549896	0.644735075209	0.630805077549	0.635429606676	0.615010467603	0.57833324385
Endo	SVC	all	H3K27ac-human-H3K9me3-human	0.864789137151	0.866834839998	0.869396458822	0.869994128591	0.85942373486	0.842034513718	0.891163734307	0.868429472076	0.860974151914	0.86747584748
keratinocyte	SVC	all	H3K27ac-human-H3K9me3-human	0.853011812656	0.867840040035	0.872643694677	0.867774713419	0.860133382275	0.869729068804	0.865802997009	0.866203540657	0.873061765567	0.864482319036
K562	RFR	all	H2AFZ-human-H3K9me3-human	0.451678927763	0.49361059079	0.475141299504	0.501090038376	0.455496669297	0.462068903304	0.489341810846	0.457771366185	0.449703345797	0.404329631293
Endo	SVC	all	H3K27ac-human-H3K36me3-human	0.924674409329	0.914699827326	0.921220311606	0.919520204335	0.909392024298	0.913047306313	0.931657085034	0.920444343034	0.915170311655	0.916713221255
K562	RFR	all	H2AFZ-human-H3K36me3-human	0.610451200452	0.628193943643	0.613231886452	0.63431477991	0.616149339484	0.618959580194	0.631972852126	0.621231783905	0.608792457738	0.561411046032
keratinocyte	SVC	all	H3K27ac-human-H3K36me3-human	0.905530926094	0.922807697739	0.916243239828	0.906327349567	0.90674339413	0.917972877119	0.925603667641	0.912814172549	0.917718042073	0.916654059256
K562	RFR	all	H3K4me3-human-H3K79me2-human	0.629061431602	0.620729527722	0.611960846276	0.651205342513	0.63998740522	0.634824843602	0.631028015207	0.643494222893	0.616524735461	0.599468005272
Endo	SVC	all	H3K27me3-human-H2AFZ-human	0.898346591486	0.890667309136	0.909680639959	0.896917758162	0.89404708523	0.897372780889	0.921223109012	0.911126432905	0.886416734044	0.902040456558
K562	RFR	all	H3K4me3-human-H3K9me3-human	0.58072561288	0.575230638279	0.562427846206	0.593207435985	0.568326371345	0.577098804185	0.586609841763	0.60087742988	0.530012893025	0.528264176926
keratinocyte	SVC	all	H3K27me3-human-H2AFZ-human	0.853928663785	0.871914104016	0.878185610837	0.860855104885	0.862769777928	0.863510721673	0.873934157073	0.855779485221	0.866958745244	0.868792813528
Endo	SVC	all	H3K27me3-human-H3K4me3-human	0.90923532953	0.89485099752	0.909956868681	0.904632343287	0.89886312681	0.900792902813	0.920730799946	0.916047043417	0.891457011622	0.902816366359
K562	RFR	all	H3K4me3-human-H3K36me3-human	0.647189486264	0.657248454807	0.6386531944	0.671126661866	0.648621457989	0.662377505488	0.6515415552	0.675927567539	0.611619439405	0.606928108951
keratinocyte	SVC	all	H3K27me3-human-H3K4me3-human	0.883922440086	0.892464653872	0.898596807638	0.88718123918	0.882949489338	0.888536019167	0.899537328684	0.894168431704	0.888074091894	0.89258485821
Endo	SVC	all	H3K27me3-human-H3K79me2-human	0.906808108985	0.891373364614	0.908777632162	0.895488924839	0.89508758804	0.90040786008	0.914678002589	0.905621747908	0.891993343287	0.897260852185
K562	RFR	all	H3K79me2-human-H3K9me3-human	0.625709932069	0.621513060619	0.619085574241	0.646701205622	0.625426724249	0.634428409627	0.622491419897	0.629556125442	0.590347234525	0.566035938016
keratinocyte	SVC	all	H3K27me3-human-H3K79me2-human	0.882534171574	0.896411751736	0.89979957934	0.890184076468	0.880356496248	0.891013065411	0.891429109975	0.897567472384	0.895863611788	0.891983422701
Endo	SVC	all	H3K27me3-human-H3K9me3-human	0.881063096586	0.875903936817	0.89208003944	0.881040800097	0.873710210058	0.876324398192	0.905344591545	0.89424407617	0.864504020317	0.878580668549
K562	RFR	all	H3K79me2-human-H3K36me3-human	0.673111248474	0.664056057235	0.658531642285	0.698628631525	0.674970013717	0.659694924564	0.663221418351	0.674215285383	0.652073532869	0.630452493995
K562	RFR	all	H3K9me3-human-H3K36me3-human	0.578094805183	0.57726344164	0.546261525947	0.596834259346	0.594738545846	0.57190454939	0.574612475166	0.588668254734	0.546968367293	0.521380691752
Endo	SVC	all	H3K27me3-human-H3K36me3-human	0.922537662486	0.901193109889	0.920810923298	0.912448501304	0.904737012915	0.910133754297	0.92959484328	0.913525974574	0.899955853394	0.910253927345
keratinocyte	SVC	all	H3K27me3-human-H3K9me3-human	0.8015221461	0.823798281188	0.836748825099	0.82238803379	0.809434228997	0.809359824604	0.824015009846	0.833072504601	0.815896250515	0.803182399889
K562	SVR	all	H3K27ac-human-H3K27me3-human	0.516482995878	0.505532365427	0.498131171711	0.518176840525	0.496743534011	0.497007198447	0.515178990698	0.529921840598	0.496023215176	0.463172526147
Endo	SVC	all	H2AFZ-human-H3K4me3-human	0.901434655185	0.894920983721	0.90757919589	0.902575492195	0.895556433652	0.89864075575	0.914417587214	0.905244765651	0.892367845398	0.897294992216
keratinocyte	SVC	all	H3K27me3-human-H3K36me3-human	0.89298206758	0.919602577474	0.904190129592	0.901790541714	0.899598712308	0.90584062083	0.919268753627	0.902729897173	0.911208277737	0.915763686688
K562	SVR	all	H3K27ac-human-H2AFZ-human	0.527590621747	0.554999788439	0.549708605053	0.561719494443	0.546029797219	0.538804794734	0.568102094945	0.547493947678	0.514749458205	0.480512698861
Endo	SVC	all	H2AFZ-human-H3K79me2-human	0.898240063818	0.893272901591	0.90308769209	0.893342268445	0.894875771397	0.89586857208	0.908007648772	0.909738790978	0.88736042976	0.898045452175
K562	SVR	all	H3K27ac-human-H3K4me3-human	0.597792224331	0.585202580177	0.587994591168	0.599803811747	0.588742278986	0.569447278908	0.584498240144	0.616299083224	0.534185107115	0.518551261317
keratinocyte	SVC	all	H2AFZ-human-H3K4me3-human	0.883480718287	0.893349700608	0.898512576458	0.882382775879	0.890423410598	0.88548543906	0.888954543876	0.889594421655	0.891395007961	0.888855338019
K562	SVR	all	H3K27ac-human-H3K79me2-human	0.542798563627	0.547470431618	0.547119844832	0.538975140481	0.545841196496	0.531627990348	0.550434736631	0.561247633663	0.513763445883	0.492011865681
Endo	SVC	all	H2AFZ-human-H3K9me3-human	0.879859086191	0.876649630498	0.881260048904	0.882817087038	0.869441671147	0.872114349631	0.900536207658	0.893524833706	0.872157132157	0.878924551772
keratinocyte	SVC	all	H2AFZ-human-H3K79me2-human	0.885977621903	0.898138490924	0.901949951815	0.880934370365	0.895681321025	0.892702665165	0.894909995486	0.892607799564	0.893340682834	0.888828056408
K562	SVR	all	H3K27ac-human-H3K9me3-human	0.477710685161	0.499646993077	0.476628184769	0.489664834269	0.487105967172	0.480761758361	0.480624618475	0.517444697136	0.461075892125	0.420618259321
Endo	SVC	all	H2AFZ-human-H3K36me3-human	0.920562565186	0.905578705367	0.916257484807	0.909663917592	0.907479481037	0.911600140872	0.920848606902	0.913772749143	0.903033715111	0.906499765365
keratinocyte	SVC	all	H2AFZ-human-H3K9me3-human	0.824791110132	0.82898097614	0.847863624765	0.815959494249	0.823791796668	0.827809633881	0.836581911796	0.823039692263	0.827723448792	0.829940079662
K562	SVR	all	H3K27ac-human-H3K36me3-human	0.605340502634	0.627012737913	0.593065455193	0.635327269306	0.624156264384	0.62421965369	0.619172459582	0.624716406645	0.578283410636	0.560489918045
Endo	SVC	all	H3K4me3-human-H3K79me2-human	0.901469338612	0.893170090003	0.904562357086	0.89452026627	0.890828339333	0.895589555607	0.907377691579	0.91383537284	0.884293108665	0.895142928793
K562	SVR	all	H3K27me3-human-H2AFZ-human	0.498526901191	0.534412644115	0.51824312358	0.526185002895	0.520771551346	0.519311780461	0.537536706915	0.504704638277	0.491188813575	0.468435811743
keratinocyte	SVC	all	H2AFZ-human-H3K36me3-human	0.899037491911	0.919409341238	0.905055357227	0.897719381352	0.906364551763	0.907310727625	0.917096145356	0.9007842223	0.906742774093	0.912416109047
Endo	SVC	all	H3K4me3-human-H3K9me3-human	0.88614917342	0.875747242048	0.88523687542	0.883632147573	0.875764583762	0.870027926449	0.898074662328	0.888759852382	0.871961200589	0.884601728603
K562	SVR	all	H3K27me3-human-H3K4me3-human	0.59342670652	0.571721692074	0.574846580459	0.597252572569	0.58404703968	0.571501844409	0.580414874598	0.603261845043	0.540299954305	0.532100635187
keratinocyte	SVC	all	H3K4me3-human-H3K79me2-human	0.885256266696	0.890572549058	0.897290605003	0.885629287553	0.895313019281	0.888937802888	0.897166308699	0.895322939866	0.885288267419	0.884262726871
Endo	SVC	all	H3K4me3-human-H3K36me3-human	0.930941580722	0.913948559523	0.923137809642	0.922722227865	0.913954133645	0.92201303565	0.928399412701	0.926397934534	0.910367508098	0.91700496334
K562	SVR	all	H3K27me3-human-H3K79me2-human	0.52857001091	0.513716930449	0.524825638965	0.530300510336	0.513946124976	0.51632326451	0.518351325678	0.525223132201	0.498195963167	0.496585402509
keratinocyte	SVC	all	H3K4me3-human-H3K9me3-human	0.874209509763	0.875413414063	0.8836166639	0.870080009524	0.874974578499	0.872044285495	0.880489804118	0.880634272647	0.875223213179	0.876023060401
Endo	SVC	all	H3K79me2-human-H3K9me3-human	0.892577994357	0.89320291539	0.900630123547	0.88631144231	0.883219043183	0.881166264056	0.905226164553	0.899411461253	0.889597521838	0.891932524401
K562	SVR	all	H3K27me3-human-H3K9me3-human	0.407423256503	0.425553062625	0.387185366626	0.434890906916	0.427419657699	0.4017492477	0.415456143093	0.452447848535	0.392130040039	0.381204754979
keratinocyte	SVC	all	H3K4me3-human-H3K36me3-human	0.911993427378	0.925375510032	0.919045165254	0.908248222975	0.913500553073	0.9201033229	0.925180802675	0.917458246735	0.918210351139	0.920254611832
Endo	SVC	all	H3K79me2-human-H3K36me3-human	0.927340697781	0.913266039227	0.920912496191	0.919358554791	0.91479520675	0.917115366491	0.92477777888	0.923664813171	0.913514193878	0.919886381976
K562	SVR	all	H3K27me3-human-H3K36me3-human	0.5997137882	0.60492211416	0.570305746311	0.613573685565	0.59576211616	0.599300369204	0.592755468139	0.587301160978	0.56782870684	0.546088621633
K562	SVR	all	H2AFZ-human-H3K4me3-human	0.584610333365	0.567310086328	0.577445694673	0.584933187577	0.581130905396	0.559007331668	0.582035753439	0.590858779535	0.527789663543	0.513908262618
Endo	SVC	all	H3K9me3-human-H3K36me3-human	0.918506333442	0.906213535951	0.911022764715	0.911896663207	0.902140710663	0.908424933408	0.922027916528	0.916158650007	0.909892560057	0.907371267253
Endo	LR	all	H3K27ac-human-H3K27me3-human	0.267875770229	0.246545712569	0.264315126328	0.233042168732	0.244651487297	0.230187101832	0.295828468329	0.253469252421	0.232212681193	0.231156881725
Endo	LR	all	H3K27ac-human-H2AFZ-human	0.324315002764	0.283873288343	0.318020862881	0.320288577987	0.306882515205	0.291133092518	0.34437807916	0.323096455455	0.281713565865	0.317039906002
Endo	LR	all	H3K27ac-human-H3K4me3-human	0.382009150978	0.357119191549	0.346992536105	0.364153554992	0.338806941654	0.348444483741	0.387527847976	0.355052227216	0.324205435849	0.347200134681
Endo	LR	all	H3K27ac-human-H3K79me2-human	0.246799606587	0.24784241757	0.241798577416	0.253992755606	0.239992960849	0.242087188437	0.284262299272	0.246812677073	0.231262126943	0.242993375609
Endo	LR	all	H3K27ac-human-H3K9me3-human	0.246080667243	0.26526972877	0.223950589944	0.236654936807	0.212143885699	0.223554245294	0.292473543471	0.240534790127	0.233696671234	0.229973636212
Endo	LR	all	H3K27ac-human-H3K36me3-human	0.322678812305	0.327271122985	0.341126261751	0.334518104179	0.346289418409	0.321686822659	0.378755325165	0.314195509064	0.32538999323	0.326874852791
Endo	LR	all	H3K27me3-human-H2AFZ-human	0.292433562462	0.252711185215	0.296696263686	0.28896309178	0.269031122583	0.25200395988	0.304787252344	0.305414083281	0.24375255001	0.276477863556
Endo	LR	all	H3K27me3-human-H3K4me3-human	0.418723281102	0.379843079149	0.385601600632	0.385842760064	0.374580327724	0.380939394271	0.415560096709	0.392422236983	0.355797724486	0.363668531897
Endo	LR	all	H3K27me3-human-H3K79me2-human	0.297147603731	0.272738609887	0.294027158265	0.267442871318	0.28257560119	0.295939197501	0.323261849563	0.282944842963	0.269705125936	0.283505254392
keratinocyte	SVC	all	H3K79me2-human-H3K9me3-human	0.882603461268	0.884177172855	0.89517181922	0.88518038105	0.881630051438	0.888213600131	0.88808959281	0.894378004077	0.897258694153	0.885839479963
Endo	LR	all	H3K27me3-human-H3K9me3-human	0.252898519311	0.243266400328	0.245717012867	0.220257727466	0.212934845348	0.226550365816	0.301498179381	0.249211237701	0.233485293512	0.236668716643
Endo	LR	all	H3K27me3-human-H3K36me3-human	0.334181110717	0.30892474448	0.355142530824	0.31548700826	0.334259395511	0.32002042203	0.365717217811	0.318365856279	0.32272340344	0.313089179491
Endo	LR	all	H2AFZ-human-H3K4me3-human	0.394537064608	0.366259143483	0.386862495456	0.386055028475	0.362734338019	0.373361282325	0.384300493118	0.374045866895	0.346595169795	0.354935192682
Endo	LR	all	H2AFZ-human-H3K79me2-human	0.351345870543	0.319324496326	0.346945850833	0.361870828896	0.34032212518	0.330718355343	0.361909822332	0.351225550201	0.307206831905	0.352575408795
Endo	LR	all	H2AFZ-human-H3K9me3-human	0.294827402299	0.269561867328	0.282063756576	0.295636588668	0.24929288542	0.263602756646	0.325361548513	0.311783217378	0.263312837967	0.292828269397
Endo	LR	all	H2AFZ-human-H3K36me3-human	0.396221655855	0.345054225313	0.403549899946	0.391389866705	0.3920569729	0.364879093712	0.412543315313	0.387354687366	0.369437221532	0.379242320115
Endo	LR	all	H3K4me3-human-H3K79me2-human	0.384946305954	0.357846725468	0.351830088345	0.367308011973	0.340986088226	0.343122403955	0.381883501181	0.360953462067	0.319628490142	0.339666948016
Endo	LR	all	H3K4me3-human-H3K9me3-human	0.403150740084	0.386949167147	0.370801587643	0.387232907622	0.349932209341	0.376919030517	0.415453465692	0.384742369698	0.357211155326	0.364658407816
Endo	LR	all	H3K4me3-human-H3K36me3-human	0.454549424753	0.429077256886	0.442795503767	0.439758642678	0.432198023616	0.432157798041	0.458245618452	0.424367139827	0.420551271976	0.406581261328
Endo	LR	all	H3K79me2-human-H3K9me3-human	0.279268920673	0.28727315703	0.262154354698	0.278991305794	0.251066932703	0.288860867261	0.321703746993	0.272980739727	0.281330462915	0.28856325362
Endo	LR	all	H3K79me2-human-H3K36me3-human	0.32025897574	0.315322534368	0.336939364652	0.327706993032	0.344996072089	0.339752545188	0.351850788649	0.318611860453	0.341906158916	0.319741656023
Endo	LR	all	H3K9me3-human-H3K36me3-human	0.313206790522	0.312509288159	0.325900069933	0.322701767307	0.311082373588	0.31646758681	0.368613907872	0.309685149717	0.320046743538	0.306201028824
K562	SVR	all	H2AFZ-human-H3K79me2-human	0.561594798839	0.5544225894	0.56667108764	0.564016286769	0.557144215681	0.558687616197	0.584634528326	0.561461256111	0.521753222096	0.500315481266
keratinocyte	SVC	all	H3K79me2-human-H3K36me3-human	0.912063954388	0.923567636399	0.916783310335	0.909729490429	0.912299542165	0.922481783324	0.922392498053	0.912068888547	0.9212144285	0.92239125798
K562	SVR	all	H2AFZ-human-H3K9me3-human	0.426899318838	0.485088883166	0.458530122156	0.449400624626	0.447991281356	0.469971706989	0.476201298092	0.444452286681	0.430561369261	0.389720712678
Endo	RFR	all	H3K27ac-human-H3K27me3-human	0.507234197846	0.486657792881	0.528721076258	0.520339364927	0.482762175663	0.498650636406	0.576179323572	0.539931402769	0.47635498211	0.497459344255
K562	SVR	all	H2AFZ-human-H3K36me3-human	0.603081251245	0.62715553277	0.584295421945	0.621935545312	0.607249625736	0.61771026203	0.621339674425	0.59591501486	0.564876183111	0.543910703554
keratinocyte	SVC	all	H3K9me3-human-H3K36me3-human	0.891503475002	0.906590098873	0.899803295421	0.886179260024	0.889933581679	0.899240331149	0.907517819852	0.890542457627	0.906616286626	0.901902148303
keratinocyte	LR	all	H3K27ac-human-H3K27me3-human	0.271424502307	0.289732910702	0.308176534991	0.283525346536	0.277170069487	0.291215309991	0.292687916511	0.286120793468	0.289603908594	0.262412154681
keratinocyte	LR	all	H3K27ac-human-H2AFZ-human	0.261247686493	0.2926959999	0.29374409636	0.296714967213	0.275585469289	0.27282922788	0.32592992552	0.297981535046	0.282689736423	0.283323861602
keratinocyte	LR	all	H3K27ac-human-H3K4me3-human	0.394347883057	0.417677277993	0.409648505462	0.399054245514	0.398119794474	0.40669440135	0.418212998644	0.422090391681	0.409924185574	0.395032196886
keratinocyte	LR	all	H3K27ac-human-H3K79me2-human	0.261153290963	0.299848938981	0.29144368069	0.280405910669	0.256590751828	0.295051973159	0.296503451544	0.298586208063	0.303704831131	0.274125161842
keratinocyte	LR	all	H3K27ac-human-H3K9me3-human	0.210397946197	0.230596974891	0.239462688681	0.206531989561	0.206412666172	0.215842252449	0.21974757414	0.217415224136	0.235242970864	0.195982608383
keratinocyte	LR	all	H3K27ac-human-H3K36me3-human	0.358617123813	0.369637961715	0.371801788473	0.35040535609	0.366033621802	0.388361711086	0.398059738154	0.381891327106	0.393464614456	0.381375871494
keratinocyte	LR	all	H3K27me3-human-H2AFZ-human	0.241342959011	0.279599385794	0.288381340796	0.285517221897	0.278751351642	0.268703169782	0.305729037109	0.2753983775	0.260379391972	0.260627776848
keratinocyte	LR	all	H3K27me3-human-H3K4me3-human	0.422678033068	0.447755831722	0.451282402229	0.432924337331	0.442005936421	0.445168160938	0.451570532818	0.453696173818	0.437547904354	0.423308534606
keratinocyte	LR	all	H3K27me3-human-H3K79me2-human	0.280416390108	0.322999132344	0.326096790912	0.312406688116	0.319362290761	0.34013637955	0.32814881568	0.344703957941	0.33169013072	0.304829262566
keratinocyte	LR	all	H3K27me3-human-H3K9me3-human	0.150801710165	0.1658965697	0.195853164023	0.168366249713	0.189011002947	0.184567360124	0.172686577975	0.180877110965	0.170812801955	0.129869227722
keratinocyte	LR	all	H3K27me3-human-H3K36me3-human	0.34882814274	0.368794554701	0.351610716714	0.354050893712	0.384189696048	0.38318733461	0.388517425806	0.379238913676	0.388414614753	0.369325765733
keratinocyte	LR	all	H2AFZ-human-H3K4me3-human	0.393396073012	0.416601341248	0.416198273366	0.407470600853	0.413420058085	0.405589644612	0.423037496191	0.419068860695	0.41060814013	0.406829430085
keratinocyte	LR	all	H2AFZ-human-H3K79me2-human	0.295994937266	0.3471011831	0.343945861489	0.335243909665	0.342824648988	0.333020990769	0.371379441162	0.352422275713	0.343626460849	0.341841926594
keratinocyte	LR	all	H2AFZ-human-H3K9me3-human	0.170964196874	0.227102104549	0.225705144893	0.207984824511	0.210912748123	0.198875496564	0.236162795979	0.209169559886	0.205774529944	0.201385952563
keratinocyte	LR	all	H2AFZ-human-H3K36me3-human	0.392424070391	0.424822899788	0.397670363751	0.399237303883	0.417853283271	0.414636563357	0.449967642018	0.418071282155	0.423789178028	0.424877477353
keratinocyte	LR	all	H3K4me3-human-H3K79me2-human	0.394430401309	0.426539729681	0.414514611769	0.403665260585	0.406413586219	0.410456359387	0.422350145875	0.422045510433	0.418082964687	0.401315902062
keratinocyte	LR	all	H3K4me3-human-H3K9me3-human	0.393817720208	0.425594834516	0.418940730923	0.395825072876	0.407937715925	0.409496672789	0.420731676817	0.422786443621	0.417809001386	0.394532959772
keratinocyte	LR	all	H3K4me3-human-H3K36me3-human	0.457000790688	0.47804244176	0.470977713163	0.450044223894	0.468386634767	0.482910883146	0.482553765084	0.487061647157	0.483662396093	0.479099101278
keratinocyte	LR	all	H3K79me2-human-H3K9me3-human	0.215105243959	0.281571539765	0.265400755752	0.238507677603	0.251580338753	0.279987060446	0.26436661156	0.287968266369	0.281308556374	0.248640549158
keratinocyte	LR	all	H3K79me2-human-H3K36me3-human	0.353854444412	0.363642824149	0.352640045837	0.342560059442	0.360485674227	0.385929278929	0.376949076804	0.391608162795	0.396130514153	0.388438825776
keratinocyte	LR	all	H3K9me3-human-H3K36me3-human	0.305825802504	0.329464784847	0.308277316336	0.298073061673	0.330296201297	0.334972218121	0.33771416099	0.337725263839	0.35309410254	0.327708571829
Endo	RFR	all	H3K27ac-human-H2AFZ-human	0.515324124234	0.480444836871	0.527982562543	0.513264578942	0.512207122262	0.48716317646	0.568097224976	0.540185939091	0.475595108581	0.523629761849
K562	SVR	all	H3K4me3-human-H3K79me2-human	0.602809396026	0.578616386089	0.596397480493	0.597229674879	0.592555057964	0.570745295421	0.583451478081	0.612059988012	0.534729889219	0.529074140779
K562	SVR	all	H3K4me3-human-H3K9me3-human	0.569402614444	0.572149887616	0.5821054297	0.582969078913	0.565923291106	0.550570250235	0.56275541792	0.603591685753	0.525364031132	0.497984688946
Endo	RFR	all	H3K27ac-human-H3K4me3-human	0.505688253858	0.465863767401	0.499004606106	0.498140518228	0.486151043866	0.466699065643	0.547922184559	0.503371002306	0.472423792032	0.525165683572
keratinocyte	RFR	all	H3K27ac-human-H3K27me3-human	0.430045734646	0.458615227958	0.468743169937	0.436848657573	0.440323082191	0.46253671088	0.469666759771	0.443674787174	0.455274525861	0.439346986313
K562	SVR	all	H3K4me3-human-H3K36me3-human	0.653199869865	0.64977694563	0.632725114264	0.659323614118	0.647151419961	0.654746285126	0.637495532977	0.65977033417	0.599135484129	0.58091576363
Endo	RFR	all	H3K27ac-human-H3K79me2-human	0.53226467338	0.520246117808	0.535444465054	0.53337469899	0.507727423463	0.507971870398	0.573116375956	0.541570931791	0.510944815941	0.544862890982
keratinocyte	RFR	all	H3K27ac-human-H2AFZ-human	0.458567144469	0.468477150548	0.479310214029	0.468991831353	0.463996784239	0.486497229246	0.475130193274	0.471794434997	0.471461028155	0.476637460019
K562	SVR	all	H3K79me2-human-H3K9me3-human	0.495804022354	0.505667659113	0.518002076915	0.504952569978	0.51690887815	0.493908437608	0.497492519438	0.5138704928	0.466830515337	0.449148291838
K562	SVR	all	H3K79me2-human-H3K36me3-human	0.625565765156	0.633887451517	0.603858660699	0.640758572183	0.624627212123	0.630846634956	0.623745498194	0.617602287968	0.585824687424	0.569192841444
Endo	RFR	all	H3K27ac-human-H3K9me3-human	0.478224779201	0.468629278363	0.501268188007	0.473956670865	0.470324382559	0.452565056653	0.529968905223	0.482139265326	0.456136768729	0.474986852847
keratinocyte	RFR	all	H3K27ac-human-H3K4me3-human	0.451632610532	0.47407789272	0.484604806158	0.454412560371	0.443848363134	0.457922627203	0.461836301811	0.450806252495	0.46571729251	0.446515559972
K562	SVR	all	H3K9me3-human-H3K36me3-human	0.579877871224	0.618466559884	0.57114246424	0.627837014603	0.606420477176	0.589898103083	0.585250861752	0.597753488523	0.559609013149	0.531280562859
Endo	RFR	all	H3K27ac-human-H3K36me3-human	0.580437575927	0.542284359325	0.580556672483	0.567082555613	0.53396596702	0.551594974134	0.587585835753	0.601553327211	0.552664811527	0.586477859081
keratinocyte	RFR	all	H3K27ac-human-H3K79me2-human	0.49123925196	0.534815079447	0.535702287542	0.492337119298	0.504728456227	0.516301651586	0.519517919735	0.515878898629	0.525510986618	0.492944282977
Endo	RFR	all	H3K27me3-human-H2AFZ-human	0.486564527532	0.456167574765	0.510486527281	0.493293538214	0.477946759803	0.468148313362	0.528990160989	0.5125851468	0.474783846826	0.478139057293
keratinocyte	RFR	all	H3K27ac-human-H3K9me3-human	0.42190480771	0.454107909358	0.457525505533	0.438582621178	0.431404979783	0.426495605419	0.449111859078	0.440593554553	0.437819668804	0.413641888929
Endo	RFR	all	H3K27me3-human-H3K4me3-human	0.53157446177	0.493880250149	0.529358881231	0.507170440651	0.501450656433	0.519825246846	0.563623978137	0.545156715897	0.484432429306	0.50116276265
keratinocyte	RFR	all	H3K27ac-human-H3K36me3-human	0.527994212171	0.562566434386	0.54867321207	0.525749496482	0.516059660079	0.539182300458	0.580175160535	0.532872224131	0.536237857746	0.547668788251
Endo	RFR	all	H3K27me3-human-H3K79me2-human	0.548122524842	0.519722834799	0.54596933054	0.535652350109	0.532113523084	0.522112501314	0.574785068489	0.558231391124	0.519744442748	0.54673338168
keratinocyte	RFR	all	H3K27me3-human-H2AFZ-human	0.387655429784	0.405187050182	0.391127206544	0.383141348787	0.376800373845	0.401543814555	0.412275189467	0.385915179258	0.392774282724	0.373787776729
Endo	RFR	all	H3K27me3-human-H3K9me3-human	0.438665421011	0.422237431333	0.480917279041	0.441559016046	0.436298215655	0.439391305473	0.486693252719	0.457037454833	0.39677310407	0.446355301446
keratinocyte	RFR	all	H3K27me3-human-H3K4me3-human	0.44674152163	0.470122135196	0.478529655387	0.460054079527	0.458622389456	0.466287709128	0.470172587068	0.463361914847	0.456353697386	0.437809394578
Endo	RFR	all	H3K27me3-human-H3K36me3-human	0.546575270189	0.508883725168	0.53141784241	0.530128506088	0.513320330373	0.52340787227	0.547721122394	0.531540530029	0.502807664438	0.530639800064
Endo	RFR	all	H2AFZ-human-H3K4me3-human	0.481017563486	0.462814878174	0.508656204226	0.47920435585	0.481656249012	0.459794544544	0.524873650363	0.495611334212	0.451574329528	0.483986051057
keratinocyte	RFR	all	H3K27me3-human-H3K79me2-human	0.510337419445	0.520229072098	0.52466702922	0.507313315111	0.506239238001	0.514430204051	0.534385968989	0.530297470153	0.517069085014	0.483695155218
keratinocyte	RFR	all	H3K27me3-human-H3K9me3-human	0.220096307552	0.25594541584	0.254978281388	0.242455585972	0.220312978497	0.251393536537	0.215308423619	0.259249913849	0.228986181635	0.183724722444
Endo	RFR	all	H2AFZ-human-H3K79me2-human	0.556754853514	0.52823347597	0.551883401694	0.525806327459	0.518647941884	0.52759488224	0.576793678805	0.561626617947	0.524225004655	0.547630980896
keratinocyte	RFR	all	H3K27me3-human-H3K36me3-human	0.483302714782	0.495998308665	0.500801123221	0.47422941335	0.462054862584	0.498732090658	0.500524291047	0.487526358426	0.514243585818	0.476148862507
Endo	RFR	all	H2AFZ-human-H3K9me3-human	0.40083906266	0.399731518289	0.418168075907	0.398955558143	0.386578902265	0.383191441938	0.442594570788	0.414063714181	0.39967408223	0.397049788369
Endo	RFR	all	H2AFZ-human-H3K36me3-human	0.533028147512	0.517833669791	0.509439421666	0.513399907082	0.506375163533	0.497020122488	0.531857124241	0.554150846233	0.494623322401	0.509857137824
keratinocyte	RFR	all	H2AFZ-human-H3K4me3-human	0.455527116541	0.476369280355	0.467409999284	0.473742625503	0.461357969307	0.456083930146	0.477040973843	0.468187043902	0.465248390249	0.452561835754
keratinocyte	RFR	all	H2AFZ-human-H3K79me2-human	0.509404932336	0.529177976841	0.535000851945	0.497074581331	0.502859610322	0.519406131378	0.517238536916	0.519495634314	0.530687968639	0.506822876642
Endo	RFR	all	H3K4me3-human-H3K79me2-human	0.54982912813	0.526008732649	0.54654291376	0.532781831426	0.515767696816	0.504447950159	0.569740600515	0.549356148574	0.510203374444	0.53012267292
keratinocyte	RFR	all	H2AFZ-human-H3K9me3-human	0.32291573042	0.336138949418	0.345387595579	0.312406635461	0.329435193541	0.32021642483	0.362135940062	0.321821456411	0.328024799103	0.319306995915
Endo	RFR	all	H3K4me3-human-H3K9me3-human	0.477374017237	0.426364238766	0.456788157172	0.436038758828	0.437335407758	0.410923087951	0.509198973237	0.452055592478	0.415436501131	0.450930802199
keratinocyte	RFR	all	H2AFZ-human-H3K36me3-human	0.490459978507	0.517699624608	0.499769723662	0.454738035018	0.477913380199	0.501049952171	0.53360768457	0.491188972906	0.515577949737	0.502255617746
Endo	RFR	all	H3K4me3-human-H3K36me3-human	0.561718269207	0.531500664957	0.552639771713	0.560041672101	0.558026835496	0.558708918	0.566553047249	0.578460861284	0.542671548189	0.556870110192
keratinocyte	RFR	all	H3K4me3-human-H3K79me2-human	0.498034286569	0.531040164281	0.539743291325	0.49285362439	0.510896506217	0.519689148609	0.528150686085	0.520194369443	0.526107522331	0.486266100374
Endo	RFR	all	H3K79me2-human-H3K9me3-human	0.539594660681	0.518736442542	0.544773200881	0.514875235557	0.49063488425	0.511282577835	0.563270436868	0.546300721631	0.5186839976	0.524796739162
keratinocyte	RFR	all	H3K4me3-human-H3K9me3-human	0.418241636415	0.448585803195	0.448545794323	0.43167624789	0.420892895841	0.455457710602	0.439451152398	0.432726322919	0.430403911159	0.404528999772
Endo	RFR	all	H3K79me2-human-H3K36me3-human	0.598054633338	0.556335003088	0.583113008555	0.587820348004	0.584334503718	0.568322107407	0.616672851138	0.584495431727	0.58823699617	0.591348175311
keratinocyte	RFR	all	H3K4me3-human-H3K36me3-human	0.523480490054	0.557172098869	0.557883382843	0.52777087979	0.529125983216	0.547646487216	0.549030862113	0.551432113544	0.546951101939	0.536804136328
Endo	RFR	all	H3K9me3-human-H3K36me3-human	0.526330023573	0.490510989992	0.507460022914	0.483567867282	0.497776133065	0.506480095943	0.524541679403	0.523910041447	0.496353276995	0.499040582377
keratinocyte	RFR	all	H3K79me2-human-H3K9me3-human	0.490287986371	0.515803889963	0.5146445858	0.481528803029	0.493551190261	0.509124279071	0.521779065604	0.502660088931	0.527610705526	0.478135706056
Endo	SVR	all	H3K27ac-human-H3K27me3-human	0.439592179297	0.429157246284	0.464041367947	0.462448436269	0.414452099422	0.415621775791	0.514316691115	0.451993427445	0.430014085462	0.453201331177
keratinocyte	RFR	all	H3K79me2-human-H3K36me3-human	0.545805976022	0.568627063184	0.569159137192	0.522688584136	0.546858176363	0.573057856292	0.560529246836	0.544513057887	0.579215478231	0.549165940333
Endo	SVR	all	H3K27ac-human-H2AFZ-human	0.443018779548	0.451008554127	0.475646356318	0.460912880027	0.440555776482	0.425883740923	0.494816288901	0.477900776666	0.422112775732	0.477629450268
keratinocyte	RFR	all	H3K9me3-human-H3K36me3-human	0.464870826703	0.486289526288	0.477810217386	0.441839714506	0.448428368399	0.466144089535	0.49604551463	0.463792904835	0.489200478294	0.477906248448
Endo	SVR	all	H3K27ac-human-H3K4me3-human	0.476805112368	0.43880815904	0.481450511902	0.478784629021	0.450644561954	0.432246599811	0.523123480115	0.488633553157	0.429625244281	0.474408118796
Endo	SVR	all	H3K27ac-human-H3K79me2-human	0.469502828089	0.448115482859	0.461041359052	0.438863420896	0.435302717915	0.439909087225	0.493405226577	0.462090371022	0.433450869514	0.473799359934
keratinocyte	SVR	all	H3K27ac-human-H3K27me3-human	0.345922978856	0.413751460791	0.411413167674	0.406249754657	0.365793417074	0.410021342193	0.401784302929	0.40635891037	0.408017114865	0.403572421158
Endo	SVR	all	H3K27ac-human-H3K9me3-human	0.36851952709	0.386810313222	0.378865603947	0.393881284604	0.363204995374	0.323357712634	0.447269761035	0.378466446726	0.363067892453	0.37584937498
keratinocyte	SVR	all	H3K27ac-human-H2AFZ-human	0.397825977573	0.438006092387	0.43487892097	0.40876288588	0.417207445948	0.453115588942	0.428486764997	0.419791019632	0.426518153942	0.420515547408
Endo	SVR	all	H3K27ac-human-H3K36me3-human	0.559302653639	0.535236502663	0.547488694005	0.542431005649	0.513736819276	0.527089788405	0.571331073149	0.54666197219	0.540169011747	0.539932586204
keratinocyte	SVR	all	H3K27ac-human-H3K4me3-human	0.43450117607	0.466009392497	0.46097758246	0.445530562735	0.447527563301	0.464508416728	0.47596610421	0.463137788396	0.447943547391	0.447615728739
keratinocyte	SVR	all	H3K27ac-human-H3K79me2-human	0.425923022234	0.477315033144	0.468564513216	0.451438613015	0.429572016638	0.476350127141	0.469655773355	0.476555449344	0.476408979126	0.450202776493
Endo	SVR	all	H3K27me3-human-H2AFZ-human	0.476211649751	0.46226490215	0.509575272731	0.471976556212	0.4642383882	0.466605879725	0.533057947759	0.513720402063	0.446470973021	0.47864536011
Endo	SVR	all	H3K27me3-human-H3K4me3-human	0.495927196062	0.474735692094	0.508222514346	0.500287178738	0.467461989837	0.472422995665	0.537714341164	0.522679169026	0.451468927903	0.471035252684
keratinocyte	SVR	all	H3K27ac-human-H3K9me3-human	0.314379062052	0.376211687411	0.375075662051	0.37287037112	0.340368970921	0.387211982306	0.370761950516	0.372724678574	0.387422861891	0.354048068197
Endo	SVR	all	H3K27me3-human-H3K79me2-human	0.48151562498	0.452346114349	0.484434776898	0.438538379269	0.451402581214	0.466494495567	0.5077700946	0.462747579901	0.456970453917	0.465910566756
keratinocyte	SVR	all	H3K27ac-human-H3K36me3-human	0.509083518928	0.551290342906	0.538663093975	0.502598962011	0.506350912176	0.553102125535	0.553662339271	0.53011265957	0.547457175742	0.534311621386
Endo	SVR	all	H3K27me3-human-H3K9me3-human	0.423972593995	0.409079233983	0.462747665849	0.439079925166	0.397415305127	0.393095547863	0.507320048526	0.45880281755	0.37099455671	0.422212614267
keratinocyte	SVR	all	H3K27me3-human-H2AFZ-human	0.361206590191	0.4072660348	0.428585555184	0.358735844201	0.373680774989	0.381516230453	0.418463849576	0.36009291721	0.390702239619	0.40486719213
Endo	SVR	all	H3K27me3-human-H3K36me3-human	0.551958692722	0.492402190536	0.538415252251	0.513982744146	0.508909025766	0.510164449482	0.567221371957	0.529436518675	0.48986705721	0.511616226235
keratinocyte	SVR	all	H3K27me3-human-H3K4me3-human	0.44141377658	0.472522102569	0.483524851765	0.458844138623	0.441891042827	0.462741686821	0.487939463559	0.473132969482	0.4615133736	0.467133463213
Endo	SVR	all	H2AFZ-human-H3K4me3-human	0.482589389637	0.466944578885	0.506721042056	0.475942821612	0.467203308738	0.472842173376	0.515318730064	0.49066732296	0.460457988806	0.47426096166
keratinocyte	SVR	all	H3K27me3-human-H3K79me2-human	0.401961674763	0.44832432604	0.46546782121	0.435789232415	0.404128915214	0.448956715001	0.438584323252	0.474528684751	0.464334586504	0.436117705046
Endo	SVR	all	H2AFZ-human-H3K79me2-human	0.468601404709	0.465450043405	0.489364823785	0.446423978006	0.464166667007	0.466078856434	0.49544288922	0.506019233511	0.450939808056	0.466558252422
keratinocyte	SVR	all	H3K27me3-human-H3K9me3-human	0.219693046567	0.271120598997	0.327545231911	0.247080019525	0.234590034159	0.242191166915	0.265997280012	0.274288253693	0.25440979931	0.21937421494
Endo	SVR	all	H2AFZ-human-H3K9me3-human	0.41118649383	0.41066770881	0.434719513535	0.430380447293	0.393320686008	0.390886929903	0.473020283512	0.45472065362	0.402804626483	0.417642718126
keratinocyte	SVR	all	H3K27me3-human-H3K36me3-human	0.473912372686	0.528805819344	0.508650519398	0.48433405634	0.474599654826	0.508941084757	0.540883239582	0.496117245167	0.522011374513	0.523196993407
Endo	SVR	all	H2AFZ-human-H3K36me3-human	0.529345145054	0.493880588646	0.51883092425	0.494180914762	0.502649097581	0.512100331236	0.527952986831	0.52522180024	0.490875904051	0.493677986181
keratinocyte	SVR	all	H2AFZ-human-H3K4me3-human	0.428842006901	0.476604307424	0.476873953055	0.44029350716	0.456144125076	0.454087937727	0.45787606381	0.46168421743	0.461787785076	0.445047622047
